5   161  8.00    2.55    164 
5   161  8.00    2.55    163 
5   161  8.00    2.55    162 
5   161  8.00    2.55    161 
7   159  7.90    4.20    160 
7   159  7.90    4.20    159 
6   158  8.45    3.92    158 
6   154  8.45    3.90    157 
6   154  8.45    3.90    156 
6   154  8.45    3.90    155 
6   154  8.45    3.90    154 
5   153  8.00    3.56    153 
4   151  7.95    4.08    152 
4   151  7.95    4.08    151 
3   147  7.90    4.58    150 
3   147  7.90    4.58    149 
3   147  7.90    4.58    148 
3   147  7.90    4.58    147 
3   144  9.00    0.89    146 
3   144  9.00    0.89    145 
3   144  9.00    0.89    144 
3   140  9.00    0.69    143 
3   140  9.00    0.69    142 
3   140  9.00    0.69    141 
3   140  9.00    0.69    140 
3   137  8.50    1.48    139 
3   137  8.50    1.48    138 
4   137  7.75    2.41    137 
4   133  7.65    2.34    136 
4   133  7.65    2.34    135 
4   133  7.65    2.34    134 
4   133  7.65    2.34    133 
4   130  7.45    2.26    132 
4   130  7.45    2.26    131 
4   130  7.45    2.26    130 
5   126  8.00    2.04    129 
5   126  8.00    2.04    128 
5   126  8.00    2.04    127 
5   126  8.00    2.04    126 
5   125  8.00    2.09    125 
5   124  7.00    3.51    124 
6   123  7.50    3.59    123 
6   119  7.50    3.54    122 
6   119  7.50    3.54    121 
6   119  7.50    3.54    120 
6   119  7.50    3.54    119 
6   116  7.50    3.79    118 
6   116  7.50    3.79    117 
6   116  7.50    3.79    116 
6   112  7.35    4.03    115 
6   112  7.35    4.03    114 
6   112  7.35    4.03    113 
6   112  7.35    4.03    112 
6   111  7.40    3.92    111 
5   110  7.80    2.78    110 
4   109  7.90    1.89    109 
3   105  8.00    2.64    108 
3   105  8.00    2.64    107 
3   105  8.00    2.64    106 
3   105  8.00    2.64    105 
3   101  8.00    1.12    104 
4   101  8.50    1.19    103 
4   101  8.50    1.19    102 
4   101  8.50    1.19    101 
4   098  9.00    0.56    100 
5   098  9.00    2.73    099 
5   098  9.00    2.73    098 
5   096  9.00    2.73    097 
5   096  9.00    2.73    096 
5   095  9.00    2.73    095 
5   091  9.00    2.89    094 
5   091  9.00    2.89    093 
5   091  9.00    2.89    092 
5   091  9.00    2.89    091 
5   090  9.00    2.89    090 
4   088  8.50    3.41    089 
5   088  9.00    2.89    088 
4   086  8.50    3.15    087 
4   086  8.50    3.15    086 
3   084  9.00    0.66    085 
3   084  9.00    0.66    084 
3   082  9.00    0.99    083 
3   082  9.00    0.99    082 
3   077  9.00    2.31    081 
4   077  9.00    1.85    080 
4   077  9.00    1.85    079 
4   077  9.00    1.85    078 
4   077  9.00    1.85    077 
4   075  7.50    2.59    076 
4   075  7.50    2.59    075 
3   070  6.00    2.31    074 
3   070  6.00    2.31    073 
3   070  6.00    2.31    072 
3   070  6.00    2.31    071 
3   070  6.00    2.31    070 
3   068  9.00    3.62    069 
3   068  9.00    3.62    068 
3   067  9.00    3.62    067 
3   063  8.00    3.95    066 
3   063  8.00    3.95    065 
3   063  8.00    3.95    064 
3   063  8.00    3.95    063 
3   058  8.00    2.64    062 
