3   177  170  1.00    0.00    
4   176  170  0.50    0.74    
5   175  170  0.00    1.48    
6   174  170  0.50    1.11    
6   173  170  0.50    1.11    
6   172  170  0.50    1.11    
8   171  170  0.50    1.19    
9   170  170  0.00    2.22    
9   169  165  0.00    2.22    
10  168  165  0.50    1.85    
10  167  165  0.50    1.85    
10  166  165  0.50    1.85    
10  165  165  0.50    1.85    
10  164  164  0.50    1.85    
10  163  163  -0.05   2.68    
10  162  162  0.45    2.68    
9   161  161  1.00    1.63    
8   160  158  0.45    2.68    
8   159  158  0.45    2.68    
8   158  158  0.45    2.68    
9   157  157  -0.90   2.82    
8   156  156  -0.45   2.89    
9   155  155  0.00    2.97    
8   154  151  -0.45   2.68    
8   153  151  -0.45   2.68    
8   152  151  -0.45   2.68    
8   151  151  -0.45   2.68    
10  150  150  -1.26   2.97    
11  149  149  -0.90   1.63    
12  148  144  -1.40   2.15    
13  147  144  -0.90   2.97    
13  146  144  -0.90   2.97    
13  145  144  -0.90   2.97    
13  144  144  -0.90   2.97    
11  143  142  0.00    4.30    
12  142  142  0.00    3.63    
11  141  137  0.00    2.97    
11  140  137  0.00    2.97    
11  139  137  0.00    2.97    
12  138  137  0.00    2.97    
12  137  137  0.00    2.97    
9   136  136  1.00    1.48    
7   135  135  1.00    1.48    
6   134  134  1.50    1.48    
6   133  130  1.00    1.48    
7   132  130  1.00    1.48    
7   131  130  1.00    1.48    
7   130  130  1.00    1.48    
6   129  129  1.50    2.22    
5   128  128  2.00    2.08    
5   127  125  2.00    2.08    
5   126  125  2.00    2.08    
5   125  125  2.00    2.08    
4   124  121  2.50    1.04    
4   123  121  2.50    1.04    
4   122  121  2.50    1.04    
6   121  121  0.90    2.97    
8   120  120  -0.60   1.62    
8   119  119  -0.10   3.11    
8   118  114  -0.10   3.11    
9   117  114  -0.20   2.95    
9   116  114  -0.20   2.95    
10  115  114  -0.10   2.96    
11  114  114  -0.20   2.67    
11  113  108  -0.20   1.48    
11  112  108  -0.20   1.48    
11  111  108  -0.20   1.48    
11  110  108  -0.20   1.48    
11  109  108  -0.20   1.48    
11  108  108  -0.20   1.48    
10  107  107  0.00    1.63    
8   106  106  0.30    2.82    
7   105  105  0.00    1.78    
6   104  104  0.00    1.33    
5   103  102  0.00    0.89    
6   102  102  0.30    1.33    
8   101  101  0.30    2.37    
8   100  100  1.30    1.48    
9   099  094  2.00    1.48    
9   098  094  2.00    1.48    
9   097  094  2.00    1.48    
9   096  094  2.00    1.48    
9   095  094  2.00    1.48    
10  094  094  2.00    1.48    
9   093  093  2.00    1.48    
9   092  089  2.00    1.48    
9   091  089  2.00    1.48    
10  090  089  1.70    0.74    
10  089  089  1.70    0.74    
10  088  088  1.20    1.93    
8   087  087  1.20    1.93    
8   086  086  0.00    2.97    
7   085  081  1.00    2.97    
8   084  081  1.00    2.22    
8   083  081  1.00    2.22    
8   082  081  1.00    2.22    
8   081  081  1.00    2.22    
8   080  079  0.00    2.52    
9   079  079  1.00    1.48    
9   078  077  -1.00   2.97    
9   077  077  -1.00   2.97    
8   076  075  -1.50   2.97    
8   075  075  -1.50   2.97    
8   074  074  0.00    2.97    
7   073  073  1.00    2.97    
7   072  072  1.00    4.45    
9   071  071  1.00    4.45    
8   070  067  -0.50   3.19    
9   069  067  -2.00   2.97    
9   068  067  -2.00   2.97    
9   067  067  -2.00   2.97    
10  066  066  -2.00   2.67    
9   065  065  -2.00   2.37    
9   064  061  -2.00   2.97    
9   063  061  -2.00   2.97    
9   062  061  -2.00   2.97    
9   061  061  -2.00   2.97    
8   060  059  -2.50   1.93    
8   059  059  -2.50   1.93    
10  058  058  -2.00   1.93    
8   057  056  -2.50   1.48    
8   056  056  -2.50   1.48    
7   055  053  -2.00   2.37    
7   054  053  -2.00   2.37    
7   053  053  -2.00   2.37    
6   052  051  -1.70   1.63    
6   051  051  -1.70   1.63    
6   050  045  -1.70   1.63    
6   049  045  -1.70   1.63    
6   048  045  -1.70   1.63    
7   047  045  -1.60   1.48    
8   046  045  -1.70   2.22    
9   045  045  -1.60   1.48    
8   044  044  -1.40   2.52    
9   043  039  -1.80   2.67    
11  042  039  -1.30   1.93    
11  041  039  -1.30   1.93    
11  040  039  -1.30   1.93    
11  039  039  -1.30   1.93    
10  038  037  -1.15   2.45    
10  037  037  -1.15   2.45    
11  036  034  -1.00   2.97    
12  035  034  -1.15   2.97    
12  034  034  -1.15   2.97    
11  033  033  -1.30   3.41    
11  032  032  -1.30   3.41    
13  031  031  -2.00   2.97    
11  030  030  -1.30   3.41    
10  029  029  -1.28   2.97    
8   028  023  -1.63   3.16    
9   027  023  -2.00   3.56    
9   026  023  -2.00   3.56    
10  025  023  -2.15   3.26    
10  024  023  -2.15   3.26    
10  023  023  -2.15   3.26    
9   022  022  -2.30   3.11    
8   021  019  -2.15   3.26    
8   020  019  -2.15   3.26    
8   019  019  -2.15   3.26    
8   018  018  -2.15   3.26    
7   017  016  -3.00   4.45    
7   016  016  -3.00   4.45    
7   015  014  -3.00   2.08    
7   014  014  -3.00   2.08    
6   013  012  -2.65   3.19    
6   012  012  -2.65   3.19    
5   011  009  -3.00   5.93    
5   010  009  -3.00   5.93    
5   009  009  -3.00   5.93    
4   008  005  -5.00   3.71    
4   007  005  -5.00   3.71    
4   006  005  -5.00   3.71    
4   005  005  -5.00   3.71    
3   004  004  -3.00   1.48    
1   003  002  -2.00   0.00    
1   002  002  -2.00   0.00    
