3   177  172  3.00    2.37    1  
3   177  161  -8.00   7.41    2  
3   177  172  9.80    1.19    3  
3   177  170  3.00    2.67    4  
3   177  165  0.00    2.37    5  
0   177  001  4.00    -999.00 6  
3   177  158  8.00    4.45    7  
3   177  170  6.20    0.30    8  
3   177  161  -11.00  1.48    9  
3   177  170  8.00    5.93    10 
1   177  156  -33.00  0.00    11 
3   176  172  3.00    2.37    1  
3   176  161  -8.00   7.41    2  
3   176  172  9.80    1.19    3  
3   176  170  3.00    2.67    4  
3   176  165  0.00    2.37    5  
0   176  001  4.00    -999.00 6  
3   176  158  8.00    4.45    7  
3   176  170  6.20    0.30    8  
3   176  161  -11.00  1.48    9  
3   176  170  8.00    5.93    10 
1   176  156  -33.00  0.00    11 
3   175  172  3.00    2.37    1  
3   175  161  -8.00   7.41    2  
3   175  172  9.80    1.19    3  
3   175  170  3.00    2.67    4  
3   175  165  0.00    2.37    5  
0   175  001  4.00    -999.00 6  
3   175  158  8.00    4.45    7  
3   175  170  6.20    0.30    8  
3   175  161  -11.00  1.48    9  
3   175  170  8.00    5.93    10 
1   175  156  -33.00  0.00    11 
3   174  172  3.00    2.37    1  
3   174  161  -8.00   7.41    2  
3   174  172  9.80    1.19    3  
3   174  170  3.00    2.67    4  
3   174  165  0.00    2.37    5  
0   174  001  4.00    -999.00 6  
3   174  158  8.00    4.45    7  
3   174  170  6.20    0.30    8  
3   174  161  -11.00  1.48    9  
3   174  170  8.00    5.93    10 
1   174  156  -33.00  0.00    11 
3   173  172  3.00    2.37    1  
3   173  161  -8.00   7.41    2  
3   173  172  9.80    1.19    3  
3   173  170  3.00    2.67    4  
3   173  165  0.00    2.37    5  
0   173  001  4.00    -999.00 6  
3   173  158  8.00    4.45    7  
3   173  170  6.20    0.30    8  
3   173  161  -11.00  1.48    9  
3   173  170  8.00    5.93    10 
1   173  156  -33.00  0.00    11 
3   172  172  3.00    2.37    1  
3   172  161  -8.00   7.41    2  
3   172  172  9.80    1.19    3  
3   172  170  3.00    2.67    4  
3   172  165  0.00    2.37    5  
0   172  001  4.00    -999.00 6  
3   172  158  8.00    4.45    7  
3   172  170  6.20    0.30    8  
3   172  161  -11.00  1.48    9  
3   172  170  8.00    5.93    10 
1   172  156  -33.00  0.00    11 
3   171  170  4.60    2.37    1  
3   171  161  -8.00   7.41    2  
3   171  129  9.00    1.19    3  
3   171  170  3.00    2.67    4  
3   171  165  0.00    2.37    5  
0   171  001  4.00    -999.00 6  
3   171  158  8.00    4.45    7  
3   171  170  6.20    0.30    8  
3   171  161  -11.00  1.48    9  
3   171  170  8.00    5.93    10 
1   171  156  -33.00  0.00    11 
3   170  170  4.60    2.37    1  
3   170  161  -8.00   7.41    2  
3   170  129  9.00    1.19    3  
3   170  170  3.00    2.67    4  
3   170  165  0.00    2.37    5  
0   170  001  4.00    -999.00 6  
3   170  158  8.00    4.45    7  
3   170  170  6.20    0.30    8  
3   170  161  -11.00  1.48    9  
3   170  170  8.00    5.93    10 
1   170  156  -33.00  0.00    11 
3   169  156  8.30    6.97    1  
3   169  161  -8.00   7.41    2  
3   169  129  9.00    1.19    3  
3   169  155  3.00    1.48    4  
3   169  165  0.00    2.37    5  
0   169  001  4.00    -999.00 6  
3   169  158  8.00    4.45    7  
3   169  158  7.00    1.48    8  
3   169  161  -11.00  1.48    9  
3   169  152  8.00    1.48    10 
1   169  156  -33.00  0.00    11 
3   168  156  8.30    6.97    1  
3   168  161  -8.00   7.41    2  
3   168  129  9.00    1.19    3  
3   168  155  3.00    1.48    4  
3   168  165  0.00    2.37    5  
0   168  001  4.00    -999.00 6  
3   168  158  8.00    4.45    7  
3   168  158  7.00    1.48    8  
3   168  161  -11.00  1.48    9  
3   168  152  8.00    1.48    10 
1   168  156  -33.00  0.00    11 
3   167  156  8.30    6.97    1  
3   167  161  -8.00   7.41    2  
3   167  129  9.00    1.19    3  
3   167  155  3.00    1.48    4  
3   167  165  0.00    2.37    5  
0   167  001  4.00    -999.00 6  
3   167  158  8.00    4.45    7  
3   167  158  7.00    1.48    8  
3   167  161  -11.00  1.48    9  
3   167  152  8.00    1.48    10 
1   167  156  -33.00  0.00    11 
3   166  156  8.30    6.97    1  
3   166  161  -8.00   7.41    2  
3   166  129  9.00    1.19    3  
3   166  155  3.00    1.48    4  
3   166  165  0.00    2.37    5  
0   166  001  4.00    -999.00 6  
3   166  158  8.00    4.45    7  
3   166  158  7.00    1.48    8  
3   166  161  -11.00  1.48    9  
3   166  152  8.00    1.48    10 
1   166  156  -33.00  0.00    11 
3   165  156  8.30    6.97    1  
3   165  161  -8.00   7.41    2  
3   165  129  9.00    1.19    3  
3   165  155  3.00    1.48    4  
3   165  165  0.00    2.37    5  
0   165  001  4.00    -999.00 6  
3   165  158  8.00    4.45    7  
3   165  158  7.00    1.48    8  
3   165  161  -11.00  1.48    9  
3   165  152  8.00    1.48    10 
1   165  156  -33.00  0.00    11 
3   164  156  8.30    6.97    1  
3   164  161  -8.00   7.41    2  
3   164  129  9.00    1.19    3  
3   164  155  3.00    1.48    4  
3   164  089  1.60    6.82    5  
0   164  001  4.00    -999.00 6  
3   164  158  8.00    4.45    7  
3   164  158  7.00    1.48    8  
3   164  161  -11.00  1.48    9  
3   164  152  8.00    1.48    10 
1   164  156  -33.00  0.00    11 
3   163  156  8.30    6.97    1  
3   163  161  -8.00   7.41    2  
3   163  129  9.00    1.19    3  
3   163  155  3.00    1.48    4  
3   163  089  1.60    6.82    5  
0   163  001  4.00    -999.00 6  
3   163  158  8.00    4.45    7  
3   163  158  7.00    1.48    8  
3   163  161  -11.00  1.48    9  
3   163  152  8.00    1.48    10 
1   163  156  -33.00  0.00    11 
4   162  156  9.15    3.48    1  
3   162  161  -8.00   7.41    2  
3   162  129  9.00    1.19    3  
3   162  155  3.00    1.48    4  
3   162  089  1.60    6.82    5  
0   162  001  4.00    -999.00 6  
3   162  158  8.00    4.45    7  
3   162  158  7.00    1.48    8  
3   162  161  -11.00  1.48    9  
3   162  152  8.00    1.48    10 
1   162  156  -33.00  0.00    11 
5   161  156  8.30    4.89    1  
3   161  161  -8.00   7.41    2  
3   161  129  9.00    1.19    3  
3   161  155  3.00    1.48    4  
3   161  089  1.60    6.82    5  
0   161  001  4.00    -999.00 6  
3   161  158  8.00    4.45    7  
3   161  158  7.00    1.48    8  
3   161  161  -11.00  1.48    9  
3   161  152  8.00    1.48    10 
1   161  156  -33.00  0.00    11 
5   160  156  8.30    4.89    1  
3   160  137  -15.00  3.26    2  
3   160  129  9.00    1.19    3  
3   160  155  3.00    1.48    4  
3   160  089  1.60    6.82    5  
0   160  001  4.00    -999.00 6  
3   160  158  8.00    4.45    7  
3   160  158  7.00    1.48    8  
3   160  113  -10.00  4.45    9  
3   160  152  8.00    1.48    10 
1   160  156  -33.00  0.00    11 
5   159  156  8.30    4.89    1  
3   159  137  -15.00  3.26    2  
3   159  129  9.00    1.19    3  
3   159  155  3.00    1.48    4  
3   159  089  1.60    6.82    5  
0   159  001  4.00    -999.00 6  
3   159  158  8.00    4.45    7  
3   159  158  7.00    1.48    8  
3   159  113  -10.00  4.45    9  
3   159  152  8.00    1.48    10 
1   159  156  -33.00  0.00    11 
5   158  156  8.30    4.89    1  
3   158  137  -15.00  3.26    2  
3   158  129  9.00    1.19    3  
3   158  155  3.00    1.48    4  
3   158  089  1.60    6.82    5  
0   158  001  4.00    -999.00 6  
3   158  158  8.00    4.45    7  
3   158  158  7.00    1.48    8  
3   158  113  -10.00  4.45    9  
3   158  152  8.00    1.48    10 
1   158  156  -33.00  0.00    11 
6   157  156  6.65    5.19    1  
3   157  137  -15.00  3.26    2  
3   157  129  9.00    1.19    3  
3   157  155  3.00    1.48    4  
3   157  089  1.60    6.82    5  
0   157  001  4.00    -999.00 6  
3   157  150  8.00    4.60    7  
3   157  152  7.00    1.48    8  
3   157  113  -10.00  4.45    9  
3   157  152  8.00    1.48    10 
1   157  156  -33.00  0.00    11 
6   156  156  6.65    5.19    1  
3   156  137  -15.00  3.26    2  
3   156  129  9.00    1.19    3  
3   156  155  3.00    1.48    4  
3   156  089  1.60    6.82    5  
0   156  001  4.00    -999.00 6  
3   156  150  8.00    4.60    7  
3   156  152  7.00    1.48    8  
3   156  113  -10.00  4.45    9  
3   156  152  8.00    1.48    10 
1   156  156  -33.00  0.00    11 
5   155  142  8.30    4.89    1  
3   155  137  -15.00  3.26    2  
3   155  129  9.00    1.19    3  
3   155  155  3.00    1.48    4  
3   155  089  1.60    6.82    5  
0   155  001  4.00    -999.00 6  
3   155  150  8.00    4.60    7  
3   155  152  7.00    1.48    8  
3   155  113  -10.00  4.45    9  
3   155  152  8.00    1.48    10 
0   155  001  -39.00  -999.00 11 
5   154  142  8.30    4.89    1  
3   154  137  -15.00  3.26    2  
3   154  129  9.00    1.19    3  
3   154  152  1.80    1.19    4  
3   154  089  1.60    6.82    5  
0   154  001  4.00    -999.00 6  
3   154  150  8.00    4.60    7  
3   154  152  7.00    1.48    8  
3   154  113  -10.00  4.45    9  
4   154  152  10.00   2.97    10 
0   154  001  -39.00  -999.00 11 
5   153  142  8.30    4.89    1  
3   153  137  -15.00  3.26    2  
3   153  129  9.00    1.19    3  
3   153  152  1.80    1.19    4  
3   153  089  1.60    6.82    5  
0   153  001  4.00    -999.00 6  
3   153  150  8.00    4.60    7  
3   153  152  7.00    1.48    8  
3   153  113  -10.00  4.45    9  
4   153  152  10.00   2.97    10 
0   153  001  -39.00  -999.00 11 
5   152  142  8.30    4.89    1  
3   152  137  -15.00  3.26    2  
3   152  129  9.00    1.19    3  
3   152  152  1.80    1.19    4  
3   152  089  1.60    6.82    5  
0   152  001  4.00    -999.00 6  
3   152  150  8.00    4.60    7  
3   152  152  7.00    1.48    8  
3   152  113  -10.00  4.45    9  
4   152  152  10.00   2.97    10 
0   152  001  -39.00  -999.00 11 
5   151  142  8.30    4.89    1  
3   151  137  -15.00  3.26    2  
3   151  129  9.00    1.19    3  
3   151  142  3.00    1.48    4  
3   151  089  1.60    6.82    5  
0   151  001  4.00    -999.00 6  
3   151  150  8.00    4.60    7  
3   151  134  5.00    1.48    8  
3   151  113  -10.00  4.45    9  
3   151  134  12.00   0.00    10 
0   151  001  -39.00  -999.00 11 
5   150  142  8.30    4.89    1  
3   150  137  -15.00  3.26    2  
3   150  129  9.00    1.19    3  
3   150  142  3.00    1.48    4  
3   150  089  1.60    6.82    5  
0   150  001  4.00    -999.00 6  
3   150  150  8.00    4.60    7  
3   150  134  5.00    1.48    8  
3   150  113  -10.00  4.45    9  
3   150  134  12.00   0.00    10 
0   150  001  -39.00  -999.00 11 
5   149  142  8.30    4.89    1  
3   149  137  -15.00  3.26    2  
3   149  129  9.00    1.19    3  
3   149  142  3.00    1.48    4  
3   149  089  1.60    6.82    5  
0   149  001  4.00    -999.00 6  
3   149  073  6.00    2.82    7  
3   149  134  5.00    1.48    8  
3   149  113  -10.00  4.45    9  
3   149  134  12.00   0.00    10 
0   149  001  -39.00  -999.00 11 
5   148  142  8.30    4.89    1  
3   148  137  -15.00  3.26    2  
3   148  129  9.00    1.19    3  
3   148  142  3.00    1.48    4  
3   148  089  1.60    6.82    5  
0   148  001  4.00    -999.00 6  
3   148  073  6.00    2.82    7  
3   148  134  4.00    2.97    8  
3   148  113  -10.00  4.45    9  
3   148  134  12.00   0.00    10 
0   148  001  -39.00  -999.00 11 
7   147  142  5.00    4.15    1  
3   147  137  -15.00  3.26    2  
3   147  129  9.00    1.19    3  
3   147  142  3.00    1.48    4  
3   147  089  1.60    6.82    5  
0   147  001  4.00    -999.00 6  
3   147  073  6.00    2.82    7  
4   147  134  4.05    1.56    8  
3   147  113  -10.00  4.45    9  
4   147  134  9.50    3.71    10 
0   147  001  -39.00  -999.00 11 
7   146  142  5.00    4.15    1  
3   146  137  -15.00  3.26    2  
3   146  129  9.00    1.19    3  
3   146  142  3.00    1.48    4  
3   146  089  1.60    6.82    5  
0   146  001  4.00    -999.00 6  
3   146  073  6.00    2.82    7  
4   146  134  4.05    1.56    8  
3   146  113  -10.00  4.45    9  
4   146  134  9.50    3.71    10 
0   146  001  -39.00  -999.00 11 
7   145  142  5.00    4.15    1  
3   145  137  -15.00  3.26    2  
3   145  129  9.00    1.19    3  
3   145  142  3.00    1.48    4  
3   145  089  1.60    6.82    5  
0   145  001  4.00    -999.00 6  
3   145  073  6.00    2.82    7  
4   145  134  4.05    1.56    8  
3   145  113  -10.00  4.45    9  
4   145  134  9.50    3.71    10 
0   145  001  -39.00  -999.00 11 
7   144  142  5.00    4.15    1  
3   144  137  -15.00  3.26    2  
3   144  129  9.00    1.19    3  
3   144  142  3.00    1.48    4  
3   144  089  1.60    6.82    5  
0   144  001  4.00    -999.00 6  
3   144  073  6.00    2.82    7  
4   144  134  4.05    1.56    8  
3   144  113  -10.00  4.45    9  
4   144  134  9.50    3.71    10 
0   144  001  -39.00  -999.00 11 
7   143  142  5.00    4.15    1  
3   143  137  -15.00  3.26    2  
3   143  129  9.00    1.19    3  
3   143  142  3.00    1.48    4  
3   143  089  1.60    6.82    5  
0   143  001  4.00    -999.00 6  
3   143  073  6.00    2.82    7  
6   143  134  4.05    1.56    8  
3   143  113  -10.00  4.45    9  
5   143  134  7.00    5.19    10 
0   143  001  -39.00  -999.00 11 
7   142  142  5.00    4.15    1  
3   142  137  -15.00  3.26    2  
3   142  129  9.00    1.19    3  
3   142  142  3.00    1.48    4  
3   142  089  1.60    6.82    5  
0   142  001  4.00    -999.00 6  
3   142  073  6.00    2.82    7  
6   142  134  4.05    1.56    8  
3   142  113  -10.00  4.45    9  
5   142  134  7.00    5.19    10 
0   142  001  -39.00  -999.00 11 
6   141  137  4.60    2.97    1  
3   141  137  -15.00  3.26    2  
3   141  129  9.00    1.19    3  
3   141  120  2.20    0.59    4  
3   141  089  1.60    6.82    5  
0   141  001  4.00    -999.00 6  
3   141  073  6.00    2.82    7  
6   141  134  4.05    1.56    8  
3   141  113  -10.00  4.45    9  
5   141  134  7.00    5.19    10 
0   141  001  -39.00  -999.00 11 
6   140  137  4.60    2.97    1  
3   140  137  -15.00  3.26    2  
3   140  129  9.00    1.19    3  
3   140  120  2.20    0.59    4  
3   140  089  1.60    6.82    5  
0   140  001  4.00    -999.00 6  
3   140  073  6.00    2.82    7  
6   140  134  4.05    1.56    8  
3   140  113  -10.00  4.45    9  
5   140  134  7.00    5.19    10 
0   140  001  -39.00  -999.00 11 
6   139  137  4.60    2.97    1  
3   139  137  -15.00  3.26    2  
3   139  129  9.00    1.19    3  
3   139  120  2.20    0.59    4  
3   139  089  1.60    6.82    5  
0   139  001  4.00    -999.00 6  
3   139  073  6.00    2.82    7  
6   139  134  4.05    1.56    8  
3   139  113  -10.00  4.45    9  
5   139  134  7.00    5.19    10 
0   139  001  -39.00  -999.00 11 
6   138  137  4.60    2.97    1  
3   138  137  -15.00  3.26    2  
3   138  129  9.00    1.19    3  
3   138  120  2.20    0.59    4  
3   138  089  1.60    6.82    5  
0   138  001  4.00    -999.00 6  
3   138  073  6.00    2.82    7  
6   138  134  4.05    1.56    8  
3   138  113  -10.00  4.45    9  
5   138  134  7.00    5.19    10 
0   138  001  -39.00  -999.00 11 
6   137  137  4.60    2.97    1  
3   137  137  -15.00  3.26    2  
3   137  129  9.00    1.19    3  
3   137  120  2.20    0.59    4  
3   137  089  1.60    6.82    5  
0   137  001  4.00    -999.00 6  
3   137  073  6.00    2.82    7  
6   137  134  4.05    1.56    8  
3   137  113  -10.00  4.45    9  
5   137  134  7.00    5.19    10 
0   137  001  -39.00  -999.00 11 
5   136  135  4.20    1.78    1  
3   136  128  -15.00  3.26    2  
3   136  129  9.00    1.19    3  
3   136  120  2.20    0.59    4  
3   136  089  1.60    6.82    5  
0   136  001  4.00    -999.00 6  
3   136  073  6.00    2.82    7  
6   136  134  4.05    1.56    8  
3   136  113  -10.00  4.45    9  
5   136  134  7.00    5.19    10 
0   136  001  -39.00  -999.00 11 
5   135  135  4.20    1.78    1  
3   135  128  -15.00  3.26    2  
3   135  129  9.00    1.19    3  
3   135  120  2.20    0.59    4  
3   135  089  1.60    6.82    5  
0   135  001  4.00    -999.00 6  
3   135  073  6.00    2.82    7  
6   135  134  4.05    1.56    8  
3   135  113  -10.00  4.45    9  
5   135  134  7.00    5.19    10 
0   135  001  -39.00  -999.00 11 
4   134  134  3.60    1.48    1  
3   134  128  -15.00  3.26    2  
3   134  129  9.00    1.19    3  
3   134  120  2.20    0.59    4  
3   134  089  1.60    6.82    5  
0   134  001  4.00    -999.00 6  
3   134  073  6.00    2.82    7  
6   134  134  4.05    1.56    8  
3   134  113  -10.00  4.45    9  
5   134  134  7.00    5.19    10 
0   134  001  -39.00  -999.00 11 
3   133  130  3.00    1.19    1  
3   133  128  -15.00  3.26    2  
3   133  129  9.00    1.19    3  
3   133  120  2.20    0.59    4  
3   133  089  1.60    6.82    5  
0   133  001  4.00    -999.00 6  
3   133  073  6.00    2.82    7  
5   133  130  4.00    0.15    8  
3   133  113  -10.00  4.45    9  
4   133  130  7.00    2.59    10 
0   133  001  -39.00  -999.00 11 
3   132  130  3.00    1.19    1  
3   132  128  -15.00  3.26    2  
3   132  129  9.00    1.19    3  
3   132  120  2.20    0.59    4  
3   132  089  1.60    6.82    5  
0   132  001  4.00    -999.00 6  
3   132  073  6.00    2.82    7  
5   132  130  4.00    0.15    8  
3   132  113  -10.00  4.45    9  
4   132  130  7.00    2.59    10 
0   132  001  -39.00  -999.00 11 
3   131  130  3.00    1.19    1  
3   131  128  -15.00  3.26    2  
3   131  129  9.00    1.19    3  
3   131  120  2.20    0.59    4  
3   131  089  1.60    6.82    5  
0   131  001  4.00    -999.00 6  
3   131  073  6.00    2.82    7  
5   131  130  4.00    0.15    8  
3   131  113  -10.00  4.45    9  
4   131  130  7.00    2.59    10 
0   131  001  -39.00  -999.00 11 
3   130  130  3.00    1.19    1  
3   130  128  -15.00  3.26    2  
3   130  129  9.00    1.19    3  
3   130  120  2.20    0.59    4  
3   130  089  1.60    6.82    5  
0   130  001  4.00    -999.00 6  
3   130  073  6.00    2.82    7  
5   130  130  4.00    0.15    8  
3   130  113  -10.00  4.45    9  
4   130  130  7.00    2.59    10 
0   130  001  -39.00  -999.00 11 
3   129  120  4.20    1.19    1  
3   129  128  -15.00  3.26    2  
3   129  129  9.00    1.19    3  
3   129  120  2.20    0.59    4  
3   129  089  1.60    6.82    5  
0   129  001  4.00    -999.00 6  
3   129  073  6.00    2.82    7  
4   129  121  4.05    0.07    8  
3   129  113  -10.00  4.45    9  
3   129  127  7.00    5.19    10 
0   129  001  -39.00  -999.00 11 
3   128  120  4.20    1.19    1  
3   128  128  -15.00  3.26    2  
3   128  128  -4.00   19.27   3  
3   128  120  2.20    0.59    4  
3   128  089  1.60    6.82    5  
0   128  001  4.00    -999.00 6  
3   128  073  6.00    2.82    7  
4   128  121  4.05    0.07    8  
3   128  113  -10.00  4.45    9  
4   128  127  5.25    5.19    10 
0   128  001  -39.00  -999.00 11 
3   127  120  4.20    1.19    1  
3   127  108  -10.00  4.00    2  
3   127  101  -14.00  5.93    3  
3   127  120  2.20    0.59    4  
3   127  089  1.60    6.82    5  
0   127  001  4.00    -999.00 6  
3   127  073  6.00    2.82    7  
4   127  121  4.05    0.07    8  
3   127  113  -10.00  4.45    9  
4   127  127  5.25    5.19    10 
0   127  001  -39.00  -999.00 11 
3   126  120  4.20    1.19    1  
3   126  108  -10.00  4.00    2  
3   126  101  -14.00  5.93    3  
3   126  120  2.20    0.59    4  
3   126  089  1.60    6.82    5  
0   126  001  4.00    -999.00 6  
3   126  073  6.00    2.82    7  
4   126  121  4.05    0.07    8  
3   126  113  -10.00  4.45    9  
3   126  120  3.50    5.19    10 
0   126  001  -39.00  -999.00 11 
3   125  120  4.20    1.19    1  
3   125  108  -10.00  4.00    2  
3   125  101  -14.00  5.93    3  
3   125  120  2.20    0.59    4  
3   125  089  1.60    6.82    5  
0   125  001  4.00    -999.00 6  
3   125  073  6.00    2.82    7  
4   125  121  4.05    0.07    8  
3   125  113  -10.00  4.45    9  
3   125  120  3.50    5.19    10 
0   125  001  -39.00  -999.00 11 
3   124  120  4.20    1.19    1  
3   124  108  -10.00  4.00    2  
3   124  101  -14.00  5.93    3  
3   124  120  2.20    0.59    4  
3   124  089  1.60    6.82    5  
0   124  001  4.00    -999.00 6  
3   124  073  6.00    2.82    7  
4   124  121  4.05    0.07    8  
4   124  113  -9.30   3.26    9  
3   124  120  3.50    5.19    10 
0   124  001  -39.00  -999.00 11 
3   123  120  4.20    1.19    1  
3   123  108  -10.00  4.00    2  
3   123  101  -14.00  5.93    3  
3   123  120  2.20    0.59    4  
3   123  089  1.60    6.82    5  
0   123  001  4.00    -999.00 6  
3   123  073  6.00    2.82    7  
4   123  121  4.05    0.07    8  
4   123  113  -9.30   3.26    9  
3   123  120  3.50    5.19    10 
0   123  001  -39.00  -999.00 11 
3   122  120  4.20    1.19    1  
3   122  108  -10.00  4.00    2  
3   122  101  -14.00  5.93    3  
3   122  120  2.20    0.59    4  
3   122  089  1.60    6.82    5  
0   122  001  4.00    -999.00 6  
3   122  073  6.00    2.82    7  
4   122  121  4.05    0.07    8  
4   122  113  -9.30   3.26    9  
3   122  120  3.50    5.19    10 
0   122  001  -39.00  -999.00 11 
3   121  120  4.20    1.19    1  
3   121  108  -10.00  4.00    2  
3   121  101  -14.00  5.93    3  
3   121  120  2.20    0.59    4  
3   121  089  1.60    6.82    5  
0   121  001  4.00    -999.00 6  
3   121  073  6.00    2.82    7  
4   121  121  4.05    0.07    8  
4   121  113  -9.30   3.26    9  
3   121  120  3.50    5.19    10 
0   121  001  -39.00  -999.00 11 
3   120  120  4.20    1.19    1  
3   120  108  -10.00  4.00    2  
3   120  101  -14.00  5.93    3  
3   120  120  2.20    0.59    4  
3   120  089  1.60    6.82    5  
0   120  001  4.00    -999.00 6  
3   120  073  6.00    2.82    7  
3   120  120  4.10    0.15    8  
4   120  113  -9.30   3.26    9  
3   120  120  3.50    5.19    10 
0   120  001  -39.00  -999.00 11 
3   119  102  5.00    4.45    1  
3   119  108  -10.00  4.00    2  
3   119  101  -14.00  5.93    3  
3   119  116  2.20    1.19    4  
3   119  089  1.60    6.82    5  
0   119  001  4.00    -999.00 6  
3   119  073  6.00    2.82    7  
3   119  116  7.00    0.00    8  
4   119  113  -9.30   3.26    9  
3   119  116  3.10    4.60    10 
0   119  001  -39.00  -999.00 11 
3   118  102  5.00    4.45    1  
3   118  108  -10.00  4.00    2  
3   118  101  -14.00  5.93    3  
3   118  116  2.20    1.19    4  
3   118  089  1.60    6.82    5  
0   118  001  4.00    -999.00 6  
3   118  073  6.00    2.82    7  
3   118  116  7.00    0.00    8  
4   118  113  -9.30   3.26    9  
3   118  116  3.10    4.60    10 
0   118  001  -39.00  -999.00 11 
3   117  102  5.00    4.45    1  
3   117  108  -10.00  4.00    2  
3   117  101  -14.00  5.93    3  
3   117  116  2.20    1.19    4  
3   117  089  1.60    6.82    5  
0   117  001  4.00    -999.00 6  
3   117  073  6.00    2.82    7  
3   117  116  7.00    0.00    8  
4   117  113  -9.30   3.26    9  
3   117  116  3.10    4.60    10 
0   117  001  -39.00  -999.00 11 
3   116  102  5.00    4.45    1  
3   116  108  -10.00  4.00    2  
3   116  101  -14.00  5.93    3  
3   116  116  2.20    1.19    4  
3   116  089  1.60    6.82    5  
0   116  001  4.00    -999.00 6  
3   116  073  6.00    2.82    7  
3   116  116  7.00    0.00    8  
4   116  113  -9.30   3.26    9  
3   116  116  3.10    4.60    10 
0   116  001  -39.00  -999.00 11 
3   115  102  5.00    4.45    1  
3   115  108  -10.00  4.00    2  
3   115  101  -14.00  5.93    3  
3   115  078  1.00    1.48    4  
3   115  089  1.60    6.82    5  
0   115  001  4.00    -999.00 6  
3   115  073  6.00    2.82    7  
3   115  091  7.00    3.56    8  
4   115  113  -9.30   3.26    9  
3   115  101  3.10    4.60    10 
0   115  001  -39.00  -999.00 11 
3   114  102  5.00    4.45    1  
3   114  108  -10.00  4.00    2  
3   114  101  -14.00  5.93    3  
3   114  078  1.00    1.48    4  
3   114  089  1.60    6.82    5  
0   114  001  4.00    -999.00 6  
3   114  073  6.00    2.82    7  
3   114  091  7.00    3.56    8  
4   114  113  -9.30   3.26    9  
3   114  101  3.10    4.60    10 
0   114  001  -39.00  -999.00 11 
3   113  102  5.00    4.45    1  
3   113  108  -10.00  4.00    2  
3   113  101  -14.00  5.93    3  
3   113  078  1.00    1.48    4  
3   113  089  1.60    6.82    5  
0   113  001  4.00    -999.00 6  
3   113  073  6.00    2.82    7  
3   113  091  7.00    3.56    8  
4   113  113  -9.30   3.26    9  
3   113  101  3.10    4.60    10 
0   113  001  -39.00  -999.00 11 
3   112  102  5.00    4.45    1  
3   112  108  -10.00  4.00    2  
3   112  101  -14.00  5.93    3  
3   112  078  1.00    1.48    4  
3   112  089  1.60    6.82    5  
0   112  001  4.00    -999.00 6  
3   112  073  6.00    2.82    7  
3   112  091  7.00    3.56    8  
3   112  112  -8.60   2.08    9  
3   112  101  3.10    4.60    10 
0   112  001  -39.00  -999.00 11 
3   111  102  5.00    4.45    1  
3   111  108  -10.00  4.00    2  
3   111  101  -14.00  5.93    3  
3   111  078  1.00    1.48    4  
3   111  089  1.60    6.82    5  
0   111  001  4.00    -999.00 6  
3   111  073  6.00    2.82    7  
3   111  091  7.00    3.56    8  
3   111  101  -6.00   1.48    9  
3   111  101  3.10    4.60    10 
0   111  001  -39.00  -999.00 11 
3   110  102  5.00    4.45    1  
3   110  108  -10.00  4.00    2  
3   110  101  -14.00  5.93    3  
3   110  078  1.00    1.48    4  
3   110  089  1.60    6.82    5  
0   110  001  4.00    -999.00 6  
3   110  073  6.00    2.82    7  
3   110  091  7.00    3.56    8  
3   110  101  -6.00   1.48    9  
3   110  101  3.10    4.60    10 
0   110  001  -39.00  -999.00 11 
3   109  102  5.00    4.45    1  
3   109  108  -10.00  4.00    2  
3   109  101  -14.00  5.93    3  
3   109  078  1.00    1.48    4  
3   109  089  1.60    6.82    5  
0   109  001  4.00    -999.00 6  
3   109  073  6.00    2.82    7  
3   109  091  7.00    3.56    8  
3   109  101  -6.00   1.48    9  
3   109  101  3.10    4.60    10 
0   109  001  -39.00  -999.00 11 
3   108  102  5.00    4.45    1  
3   108  108  -10.00  4.00    2  
3   108  101  -14.00  5.93    3  
3   108  078  1.00    1.48    4  
3   108  089  1.60    6.82    5  
0   108  001  4.00    -999.00 6  
3   108  073  6.00    2.82    7  
3   108  091  7.00    3.56    8  
3   108  101  -6.00   1.48    9  
3   108  101  3.10    4.60    10 
0   108  001  -39.00  -999.00 11 
3   107  102  5.00    4.45    1  
3   107  101  -10.00  2.22    2  
3   107  101  -14.00  5.93    3  
3   107  078  1.00    1.48    4  
3   107  089  1.60    6.82    5  
0   107  001  4.00    -999.00 6  
3   107  073  6.00    2.82    7  
3   107  091  7.00    3.56    8  
3   107  101  -6.00   1.48    9  
3   107  101  3.10    4.60    10 
0   107  001  -39.00  -999.00 11 
3   106  102  5.00    4.45    1  
3   106  101  -10.00  2.22    2  
3   106  101  -14.00  5.93    3  
3   106  078  1.00    1.48    4  
3   106  089  1.60    6.82    5  
0   106  001  4.00    -999.00 6  
3   106  073  6.00    2.82    7  
3   106  091  7.00    3.56    8  
3   106  101  -6.00   1.48    9  
3   106  101  3.10    4.60    10 
0   106  001  -39.00  -999.00 11 
3   105  102  5.00    4.45    1  
3   105  101  -10.00  2.22    2  
3   105  101  -14.00  5.93    3  
3   105  078  1.00    1.48    4  
3   105  089  1.60    6.82    5  
0   105  001  4.00    -999.00 6  
3   105  073  6.00    2.82    7  
3   105  091  7.00    3.56    8  
3   105  101  -6.00   1.48    9  
3   105  101  3.10    4.60    10 
0   105  001  -39.00  -999.00 11 
3   104  102  5.00    4.45    1  
3   104  101  -10.00  2.22    2  
3   104  101  -14.00  5.93    3  
3   104  078  1.00    1.48    4  
3   104  089  1.60    6.82    5  
0   104  001  4.00    -999.00 6  
3   104  073  6.00    2.82    7  
3   104  091  7.00    3.56    8  
3   104  101  -6.00   1.48    9  
3   104  101  3.10    4.60    10 
0   104  001  -39.00  -999.00 11 
3   103  102  5.00    4.45    1  
3   103  101  -10.00  2.22    2  
3   103  101  -14.00  5.93    3  
3   103  078  1.00    1.48    4  
3   103  089  1.60    6.82    5  
0   103  001  4.00    -999.00 6  
3   103  073  6.00    2.82    7  
3   103  091  7.00    3.56    8  
3   103  101  -6.00   1.48    9  
3   103  101  3.10    4.60    10 
0   103  001  -39.00  -999.00 11 
3   102  102  5.00    4.45    1  
3   102  101  -10.00  2.22    2  
3   102  101  -14.00  5.93    3  
3   102  078  1.00    1.48    4  
3   102  089  1.60    6.82    5  
0   102  001  4.00    -999.00 6  
3   102  073  6.00    2.82    7  
3   102  091  7.00    3.56    8  
3   102  101  -6.00   1.48    9  
3   102  101  3.10    4.60    10 
0   102  001  -39.00  -999.00 11 
3   101  091  1.20    6.23    1  
3   101  101  -10.00  2.22    2  
3   101  101  -14.00  5.93    3  
3   101  078  1.00    1.48    4  
3   101  089  1.60    6.82    5  
0   101  001  4.00    -999.00 6  
3   101  073  6.00    2.82    7  
3   101  091  7.00    3.56    8  
3   101  101  -6.00   1.48    9  
3   101  101  3.10    4.60    10 
0   101  001  -39.00  -999.00 11 
3   100  091  1.20    6.23    1  
3   100  098  -10.00  2.22    2  
3   100  084  -7.60   5.34    3  
3   100  078  1.00    1.48    4  
3   100  089  1.60    6.82    5  
0   100  001  4.00    -999.00 6  
3   100  073  6.00    2.82    7  
3   100  091  7.00    3.56    8  
3   100  097  -6.00   3.85    9  
2   100  078  5.40    3.41    10 
0   100  001  -39.00  -999.00 11 
3   099  091  1.20    6.23    1  
3   099  098  -10.00  2.22    2  
3   099  084  -7.60   5.34    3  
3   099  078  1.00    1.48    4  
3   099  089  1.60    6.82    5  
0   099  001  4.00    -999.00 6  
3   099  073  6.00    2.82    7  
3   099  091  7.00    3.56    8  
3   099  097  -6.00   3.85    9  
2   099  078  5.40    3.41    10 
0   099  001  -39.00  -999.00 11 
3   098  091  1.20    6.23    1  
3   098  098  -10.00  2.22    2  
3   098  084  -7.60   5.34    3  
3   098  078  1.00    1.48    4  
3   098  089  1.60    6.82    5  
0   098  001  4.00    -999.00 6  
3   098  073  6.00    2.82    7  
3   098  091  7.00    3.56    8  
3   098  097  -6.00   3.85    9  
2   098  078  5.40    3.41    10 
0   098  001  -39.00  -999.00 11 
3   097  091  1.20    6.23    1  
2   097  071  -7.25   6.30    2  
3   097  084  -7.60   5.34    3  
3   097  078  1.00    1.48    4  
3   097  089  1.60    6.82    5  
0   097  001  4.00    -999.00 6  
4   097  073  5.30    1.41    7  
3   097  091  7.00    3.56    8  
3   097  097  -6.00   3.85    9  
2   097  078  5.40    3.41    10 
0   097  001  -39.00  -999.00 11 
3   096  091  1.20    6.23    1  
2   096  071  -7.25   6.30    2  
3   096  084  -7.60   5.34    3  
3   096  078  1.00    1.48    4  
3   096  089  1.60    6.82    5  
0   096  001  4.00    -999.00 6  
4   096  073  5.30    1.41    7  
3   096  091  7.00    3.56    8  
3   096  081  -6.00   8.90    9  
2   096  078  5.40    3.41    10 
0   096  001  -39.00  -999.00 11 
3   095  091  1.20    6.23    1  
2   095  071  -7.25   6.30    2  
3   095  084  -7.60   5.34    3  
3   095  078  1.00    1.48    4  
3   095  089  1.60    6.82    5  
0   095  001  4.00    -999.00 6  
4   095  073  5.30    1.41    7  
3   095  091  7.00    3.56    8  
3   095  081  -6.00   8.90    9  
2   095  078  5.40    3.41    10 
0   095  001  -39.00  -999.00 11 
3   094  091  1.20    6.23    1  
2   094  071  -7.25   6.30    2  
3   094  084  -7.60   5.34    3  
3   094  078  1.00    1.48    4  
3   094  089  1.60    6.82    5  
0   094  001  4.00    -999.00 6  
4   094  073  5.30    1.41    7  
3   094  091  7.00    3.56    8  
3   094  081  -6.00   8.90    9  
2   094  078  5.40    3.41    10 
0   094  001  -39.00  -999.00 11 
3   093  091  1.20    6.23    1  
2   093  071  -7.25   6.30    2  
3   093  084  -7.60   5.34    3  
3   093  078  1.00    1.48    4  
3   093  089  1.60    6.82    5  
0   093  001  4.00    -999.00 6  
4   093  073  5.30    1.41    7  
4   093  091  6.50    1.78    8  
3   093  081  -6.00   8.90    9  
2   093  078  5.40    3.41    10 
0   093  001  -39.00  -999.00 11 
3   092  091  1.20    6.23    1  
2   092  071  -7.25   6.30    2  
3   092  084  -7.60   5.34    3  
3   092  078  1.00    1.48    4  
3   092  089  1.60    6.82    5  
0   092  001  4.00    -999.00 6  
4   092  073  5.30    1.41    7  
4   092  091  6.50    1.78    8  
3   092  081  -6.00   8.90    9  
2   092  078  5.40    3.41    10 
0   092  001  -39.00  -999.00 11 
3   091  091  1.20    6.23    1  
2   091  071  -7.25   6.30    2  
3   091  084  -7.60   5.34    3  
3   091  078  1.00    1.48    4  
3   091  089  1.60    6.82    5  
0   091  001  4.00    -999.00 6  
4   091  073  5.30    1.41    7  
4   091  091  6.50    1.78    8  
3   091  081  -6.00   8.90    9  
2   091  078  5.40    3.41    10 
0   091  001  -39.00  -999.00 11 
3   090  075  1.20    6.23    1  
2   090  071  -7.25   6.30    2  
3   090  084  -7.60   5.34    3  
3   090  078  1.00    1.48    4  
3   090  089  1.60    6.82    5  
0   090  001  4.00    -999.00 6  
4   090  073  5.30    1.41    7  
3   090  086  6.00    2.08    8  
3   090  081  -6.00   8.90    9  
2   090  078  5.40    3.41    10 
0   090  001  -39.00  -999.00 11 
3   089  075  1.20    6.23    1  
2   089  071  -7.25   6.30    2  
3   089  084  -7.60   5.34    3  
3   089  078  1.00    1.48    4  
3   089  089  1.60    6.82    5  
0   089  001  4.00    -999.00 6  
4   089  073  5.30    1.41    7  
3   089  086  6.00    2.08    8  
3   089  081  -6.00   8.90    9  
2   089  078  5.40    3.41    10 
0   089  001  -39.00  -999.00 11 
3   088  075  1.20    6.23    1  
2   088  071  -7.25   6.30    2  
3   088  084  -7.60   5.34    3  
3   088  078  1.00    1.48    4  
2   088  062  5.30    5.49    5  
0   088  001  4.00    -999.00 6  
4   088  073  5.30    1.41    7  
3   088  086  6.00    2.08    8  
3   088  081  -6.00   8.90    9  
2   088  078  5.40    3.41    10 
0   088  001  -39.00  -999.00 11 
3   087  075  1.20    6.23    1  
2   087  071  -7.25   6.30    2  
3   087  084  -7.60   5.34    3  
3   087  078  1.00    1.48    4  
2   087  062  5.30    5.49    5  
0   087  001  4.00    -999.00 6  
4   087  073  5.30    1.41    7  
3   087  086  6.00    2.08    8  
3   087  081  -6.00   8.90    9  
2   087  078  5.40    3.41    10 
0   087  001  -39.00  -999.00 11 
3   086  075  1.20    6.23    1  
2   086  071  -7.25   6.30    2  
3   086  084  -7.60   5.34    3  
3   086  078  1.00    1.48    4  
2   086  062  5.30    5.49    5  
0   086  001  4.00    -999.00 6  
4   086  073  5.30    1.41    7  
3   086  086  6.00    2.08    8  
3   086  081  -6.00   8.90    9  
2   086  078  5.40    3.41    10 
0   086  001  -39.00  -999.00 11 
3   085  075  1.20    6.23    1  
2   085  071  -7.25   6.30    2  
3   085  084  -7.60   5.34    3  
3   085  078  1.00    1.48    4  
2   085  062  5.30    5.49    5  
0   085  001  4.00    -999.00 6  
4   085  073  5.30    1.41    7  
3   085  073  6.00    2.08    8  
3   085  081  -6.00   8.90    9  
2   085  078  5.40    3.41    10 
0   085  001  -39.00  -999.00 11 
3   084  075  1.20    6.23    1  
2   084  071  -7.25   6.30    2  
3   084  084  -7.60   5.34    3  
3   084  078  1.00    1.48    4  
2   084  062  5.30    5.49    5  
0   084  001  4.00    -999.00 6  
4   084  073  5.30    1.41    7  
3   084  073  6.00    2.08    8  
3   084  081  -6.00   8.90    9  
2   084  078  5.40    3.41    10 
0   084  001  -39.00  -999.00 11 
3   083  075  1.20    6.23    1  
2   083  071  -7.25   6.30    2  
3   083  072  -14.00  9.49    3  
3   083  078  1.00    1.48    4  
2   083  062  5.30    5.49    5  
0   083  001  4.00    -999.00 6  
4   083  073  5.30    1.41    7  
3   083  073  6.00    2.08    8  
3   083  081  -6.00   8.90    9  
2   083  078  5.40    3.41    10 
0   083  001  -39.00  -999.00 11 
3   082  075  1.20    6.23    1  
2   082  071  -7.25   6.30    2  
3   082  072  -14.00  9.49    3  
3   082  078  1.00    1.48    4  
2   082  062  5.30    5.49    5  
0   082  001  4.00    -999.00 6  
4   082  073  5.30    1.41    7  
3   082  073  6.00    2.08    8  
3   082  081  -6.00   8.90    9  
2   082  078  5.40    3.41    10 
0   082  001  -39.00  -999.00 11 
3   081  075  1.20    6.23    1  
2   081  071  -7.25   6.30    2  
3   081  072  -14.00  9.49    3  
3   081  078  1.00    1.48    4  
2   081  062  5.30    5.49    5  
0   081  001  4.00    -999.00 6  
4   081  073  5.30    1.41    7  
3   081  073  6.00    2.08    8  
3   081  081  -6.00   8.90    9  
2   081  078  5.40    3.41    10 
0   081  001  -39.00  -999.00 11 
3   080  075  1.20    6.23    1  
2   080  071  -7.25   6.30    2  
3   080  072  -14.00  9.49    3  
3   080  078  1.00    1.48    4  
2   080  062  5.30    5.49    5  
0   080  001  4.00    -999.00 6  
4   080  073  5.30    1.41    7  
3   080  073  6.00    2.08    8  
3   080  057  0.00    0.00    9  
2   080  078  5.40    3.41    10 
0   080  001  -39.00  -999.00 11 
3   079  075  1.20    6.23    1  
2   079  071  -7.25   6.30    2  
3   079  072  -14.00  9.49    3  
3   079  078  1.00    1.48    4  
2   079  062  5.30    5.49    5  
0   079  001  4.00    -999.00 6  
4   079  073  5.30    1.41    7  
3   079  073  6.00    2.08    8  
3   079  057  0.00    0.00    9  
2   079  078  5.40    3.41    10 
0   079  001  -39.00  -999.00 11 
3   078  075  1.20    6.23    1  
2   078  071  -7.25   6.30    2  
3   078  072  -14.00  9.49    3  
3   078  078  1.00    1.48    4  
2   078  062  5.30    5.49    5  
0   078  001  4.00    -999.00 6  
4   078  073  5.30    1.41    7  
3   078  073  6.00    2.08    8  
3   078  057  0.00    0.00    9  
2   078  078  5.40    3.41    10 
0   078  001  -39.00  -999.00 11 
3   077  075  1.20    6.23    1  
2   077  071  -7.25   6.30    2  
3   077  072  -14.00  9.49    3  
3   077  076  1.00    0.00    4  
2   077  062  5.30    5.49    5  
0   077  001  4.00    -999.00 6  
4   077  073  5.30    1.41    7  
3   077  073  6.00    2.08    8  
3   077  057  0.00    0.00    9  
1   077  055  7.70    0.00    10 
0   077  001  -39.00  -999.00 11 
3   076  075  1.20    6.23    1  
2   076  071  -7.25   6.30    2  
3   076  072  -14.00  9.49    3  
3   076  076  1.00    0.00    4  
2   076  062  5.30    5.49    5  
0   076  001  4.00    -999.00 6  
4   076  073  5.30    1.41    7  
3   076  073  6.00    2.08    8  
3   076  057  0.00    0.00    9  
1   076  055  7.70    0.00    10 
0   076  001  -39.00  -999.00 11 
3   075  075  1.20    6.23    1  
2   075  071  -7.25   6.30    2  
3   075  072  -14.00  9.49    3  
2   075  049  1.00    0.00    4  
2   075  062  5.30    5.49    5  
0   075  001  4.00    -999.00 6  
4   075  073  5.30    1.41    7  
3   075  073  6.00    2.08    8  
3   075  057  0.00    0.00    9  
1   075  055  7.70    0.00    10 
0   075  001  -39.00  -999.00 11 
3   074  057  5.90    6.08    1  
2   074  071  -7.25   6.30    2  
3   074  072  -14.00  9.49    3  
2   074  049  1.00    0.00    4  
2   074  062  5.30    5.49    5  
0   074  001  4.00    -999.00 6  
4   074  073  5.30    1.41    7  
3   074  073  6.00    2.08    8  
3   074  057  0.00    0.00    9  
1   074  055  7.70    0.00    10 
0   074  001  -39.00  -999.00 11 
3   073  057  5.90    6.08    1  
2   073  071  -7.25   6.30    2  
3   073  072  -14.00  9.49    3  
2   073  049  1.00    0.00    4  
2   073  062  5.30    5.49    5  
0   073  001  4.00    -999.00 6  
4   073  073  5.30    1.41    7  
3   073  073  6.00    2.08    8  
3   073  057  0.00    0.00    9  
1   073  055  7.70    0.00    10 
0   073  001  -39.00  -999.00 11 
3   072  057  5.90    6.08    1  
2   072  071  -7.25   6.30    2  
3   072  072  -14.00  9.49    3  
2   072  049  1.00    0.00    4  
2   072  062  5.30    5.49    5  
0   072  001  4.00    -999.00 6  
3   072  071  4.60    0.74    7  
3   072  066  6.00    6.38    8  
3   072  057  0.00    0.00    9  
1   072  055  7.70    0.00    10 
0   072  001  -39.00  -999.00 11 
3   071  057  5.90    6.08    1  
2   071  071  -7.25   6.30    2  
2   071  044  -15.30  11.42   3  
2   071  049  1.00    0.00    4  
2   071  062  5.30    5.49    5  
0   071  001  4.00    -999.00 6  
3   071  071  4.60    0.74    7  
3   071  066  6.00    6.38    8  
3   071  057  0.00    0.00    9  
1   071  055  7.70    0.00    10 
0   071  001  -39.00  -999.00 11 
3   070  057  5.90    6.08    1  
1   070  061  -3.00   0.00    2  
2   070  044  -15.30  11.42   3  
2   070  049  1.00    0.00    4  
2   070  062  5.30    5.49    5  
0   070  001  4.00    -999.00 6  
2   070  070  3.45    1.70    7  
3   070  066  6.00    6.38    8  
3   070  057  0.00    0.00    9  
1   070  055  7.70    0.00    10 
0   070  001  -39.00  -999.00 11 
3   069  057  5.90    6.08    1  
1   069  061  -3.00   0.00    2  
2   069  044  -15.30  11.42   3  
2   069  049  1.00    0.00    4  
2   069  062  5.30    5.49    5  
0   069  001  4.00    -999.00 6  
1   069  025  2.30    0.00    7  
3   069  066  6.00    6.38    8  
3   069  057  0.00    0.00    9  
1   069  055  7.70    0.00    10 
0   069  001  -39.00  -999.00 11 
3   068  057  5.90    6.08    1  
1   068  061  -3.00   0.00    2  
2   068  044  -15.30  11.42   3  
2   068  049  1.00    0.00    4  
2   068  062  5.30    5.49    5  
0   068  001  4.00    -999.00 6  
1   068  025  2.30    0.00    7  
3   068  066  6.00    6.38    8  
3   068  057  0.00    0.00    9  
1   068  055  7.70    0.00    10 
0   068  001  -39.00  -999.00 11 
3   067  057  5.90    6.08    1  
1   067  061  -3.00   0.00    2  
2   067  044  -15.30  11.42   3  
2   067  049  1.00    0.00    4  
2   067  062  5.30    5.49    5  
0   067  001  4.00    -999.00 6  
1   067  025  2.30    0.00    7  
3   067  066  6.00    6.38    8  
3   067  057  0.00    0.00    9  
1   067  055  7.70    0.00    10 
0   067  001  -39.00  -999.00 11 
3   066  057  5.90    6.08    1  
1   066  061  -3.00   0.00    2  
2   066  044  -15.30  11.42   3  
2   066  049  1.00    0.00    4  
2   066  062  5.30    5.49    5  
0   066  001  4.00    -999.00 6  
1   066  025  2.30    0.00    7  
3   066  066  6.00    6.38    8  
3   066  057  0.00    0.00    9  
1   066  055  7.70    0.00    10 
0   066  001  -39.00  -999.00 11 
3   065  057  5.90    6.08    1  
1   065  061  -3.00   0.00    2  
2   065  044  -15.30  11.42   3  
2   065  049  1.00    0.00    4  
2   065  062  5.30    5.49    5  
0   065  001  4.00    -999.00 6  
1   065  025  2.30    0.00    7  
3   065  047  10.30   2.52    8  
3   065  057  0.00    0.00    9  
1   065  055  7.70    0.00    10 
0   065  001  -39.00  -999.00 11 
3   064  057  5.90    6.08    1  
1   064  061  -3.00   0.00    2  
2   064  044  -15.30  11.42   3  
2   064  049  1.00    0.00    4  
2   064  062  5.30    5.49    5  
0   064  001  4.00    -999.00 6  
1   064  025  2.30    0.00    7  
3   064  047  10.30   2.52    8  
3   064  057  0.00    0.00    9  
1   064  055  7.70    0.00    10 
0   064  001  -39.00  -999.00 11 
3   063  057  5.90    6.08    1  
1   063  061  -3.00   0.00    2  
2   063  044  -15.30  11.42   3  
2   063  049  1.00    0.00    4  
2   063  062  5.30    5.49    5  
0   063  001  4.00    -999.00 6  
1   063  025  2.30    0.00    7  
3   063  047  10.30   2.52    8  
3   063  057  0.00    0.00    9  
1   063  055  7.70    0.00    10 
0   063  001  -39.00  -999.00 11 
3   062  057  5.90    6.08    1  
1   062  061  -3.00   0.00    2  
2   062  044  -15.30  11.42   3  
2   062  049  1.00    0.00    4  
2   062  062  5.30    5.49    5  
0   062  001  4.00    -999.00 6  
1   062  025  2.30    0.00    7  
3   062  047  10.30   2.52    8  
3   062  057  0.00    0.00    9  
1   062  055  7.70    0.00    10 
0   062  001  -39.00  -999.00 11 
3   061  057  5.90    6.08    1  
1   061  061  -3.00   0.00    2  
2   061  044  -15.30  11.42   3  
2   061  049  1.00    0.00    4  
1   061  046  9.00    0.00    5  
0   061  001  4.00    -999.00 6  
1   061  025  2.30    0.00    7  
3   061  047  10.30   2.52    8  
3   061  057  0.00    0.00    9  
1   061  055  7.70    0.00    10 
0   061  001  -39.00  -999.00 11 
3   060  057  5.90    6.08    1  
0   060  001  -1.50   -999.00 2  
2   060  044  -15.30  11.42   3  
2   060  049  1.00    0.00    4  
1   060  046  9.00    0.00    5  
0   060  001  4.00    -999.00 6  
1   060  025  2.30    0.00    7  
3   060  047  10.30   2.52    8  
3   060  057  0.00    0.00    9  
1   060  055  7.70    0.00    10 
0   060  001  -39.00  -999.00 11 
4   059  057  1.95    6.60    1  
0   059  001  -1.50   -999.00 2  
2   059  044  -15.30  11.42   3  
2   059  049  1.00    0.00    4  
1   059  046  9.00    0.00    5  
0   059  001  4.00    -999.00 6  
1   059  025  2.30    0.00    7  
3   059  047  10.30   2.52    8  
3   059  057  0.00    0.00    9  
1   059  055  7.70    0.00    10 
0   059  001  -39.00  -999.00 11 
4   058  057  1.95    6.60    1  
0   058  001  -1.50   -999.00 2  
2   058  044  -15.30  11.42   3  
2   058  049  1.00    0.00    4  
1   058  046  9.00    0.00    5  
0   058  001  4.00    -999.00 6  
1   058  025  2.30    0.00    7  
3   058  047  10.30   2.52    8  
3   058  057  0.00    0.00    9  
1   058  055  7.70    0.00    10 
0   058  001  -39.00  -999.00 11 
4   057  057  1.95    6.60    1  
0   057  001  -1.50   -999.00 2  
2   057  044  -15.30  11.42   3  
2   057  049  1.00    0.00    4  
1   057  046  9.00    0.00    5  
0   057  001  4.00    -999.00 6  
1   057  025  2.30    0.00    7  
3   057  047  10.30   2.52    8  
3   057  057  0.00    0.00    9  
1   057  055  7.70    0.00    10 
0   057  001  -39.00  -999.00 11 
3   056  050  5.90    6.08    1  
0   056  001  -1.50   -999.00 2  
2   056  044  -15.30  11.42   3  
2   056  049  1.00    0.00    4  
1   056  046  9.00    0.00    5  
0   056  001  4.00    -999.00 6  
1   056  025  2.30    0.00    7  
3   056  047  10.30   2.52    8  
3   056  043  -9.00   7.41    9  
1   056  055  7.70    0.00    10 
0   056  001  -39.00  -999.00 11 
3   055  050  5.90    6.08    1  
0   055  001  -1.50   -999.00 2  
2   055  044  -15.30  11.42   3  
2   055  049  1.00    0.00    4  
1   055  046  9.00    0.00    5  
0   055  001  4.00    -999.00 6  
1   055  025  2.30    0.00    7  
3   055  047  10.30   2.52    8  
3   055  043  -9.00   7.41    9  
1   055  055  7.70    0.00    10 
0   055  001  -39.00  -999.00 11 
3   054  050  5.90    6.08    1  
0   054  001  -1.50   -999.00 2  
2   054  044  -15.30  11.42   3  
2   054  049  1.00    0.00    4  
1   054  046  9.00    0.00    5  
0   054  001  4.00    -999.00 6  
1   054  025  2.30    0.00    7  
3   054  047  10.30   2.52    8  
3   054  043  -9.00   7.41    9  
0   054  001  6.00    -999.00 10 
0   054  001  -39.00  -999.00 11 
3   053  050  5.90    6.08    1  
0   053  001  -1.50   -999.00 2  
2   053  044  -15.30  11.42   3  
2   053  049  1.00    0.00    4  
1   053  046  9.00    0.00    5  
0   053  001  4.00    -999.00 6  
1   053  025  2.30    0.00    7  
3   053  047  10.30   2.52    8  
3   053  043  -9.00   7.41    9  
0   053  001  6.00    -999.00 10 
0   053  001  -39.00  -999.00 11 
3   052  050  5.90    6.08    1  
0   052  001  -1.50   -999.00 2  
2   052  044  -15.30  11.42   3  
2   052  049  1.00    0.00    4  
1   052  046  9.00    0.00    5  
0   052  001  4.00    -999.00 6  
1   052  025  2.30    0.00    7  
4   052  047  8.65    3.71    8  
3   052  043  -9.00   7.41    9  
0   052  001  6.00    -999.00 10 
0   052  001  -39.00  -999.00 11 
3   051  050  5.90    6.08    1  
0   051  001  -1.50   -999.00 2  
2   051  044  -15.30  11.42   3  
2   051  049  1.00    0.00    4  
1   051  046  9.00    0.00    5  
0   051  001  4.00    -999.00 6  
1   051  025  2.30    0.00    7  
4   051  047  8.65    3.71    8  
3   051  043  -9.00   7.41    9  
0   051  001  6.00    -999.00 10 
0   051  001  -39.00  -999.00 11 
3   050  050  5.90    6.08    1  
0   050  001  -1.50   -999.00 2  
2   050  044  -15.30  11.42   3  
2   050  049  1.00    0.00    4  
1   050  046  9.00    0.00    5  
0   050  001  4.00    -999.00 6  
1   050  025  2.30    0.00    7  
4   050  047  8.65    3.71    8  
3   050  043  -9.00   7.41    9  
0   050  001  6.00    -999.00 10 
0   050  001  -39.00  -999.00 11 
3   049  044  1.00    4.45    1  
0   049  001  -1.50   -999.00 2  
2   049  044  -15.30  11.42   3  
2   049  049  1.00    0.00    4  
1   049  046  9.00    0.00    5  
0   049  001  4.00    -999.00 6  
1   049  025  2.30    0.00    7  
4   049  047  8.65    3.71    8  
3   049  043  -9.00   7.41    9  
0   049  001  6.00    -999.00 10 
0   049  001  -39.00  -999.00 11 
3   048  044  1.00    4.45    1  
0   048  001  -1.50   -999.00 2  
2   048  044  -15.30  11.42   3  
1   048  006  1.00    0.00    4  
1   048  046  9.00    0.00    5  
0   048  001  4.00    -999.00 6  
1   048  025  2.30    0.00    7  
5   048  047  7.00    4.89    8  
3   048  043  -9.00   7.41    9  
0   048  001  6.00    -999.00 10 
0   048  001  -39.00  -999.00 11 
3   047  044  1.00    4.45    1  
0   047  001  -1.50   -999.00 2  
2   047  044  -15.30  11.42   3  
1   047  006  1.00    0.00    4  
1   047  046  9.00    0.00    5  
0   047  001  4.00    -999.00 6  
1   047  025  2.30    0.00    7  
5   047  047  7.00    4.89    8  
3   047  043  -9.00   7.41    9  
0   047  001  6.00    -999.00 10 
0   047  001  -39.00  -999.00 11 
3   046  044  1.00    4.45    1  
0   046  001  -1.50   -999.00 2  
2   046  044  -15.30  11.42   3  
1   046  006  1.00    0.00    4  
1   046  046  9.00    0.00    5  
0   046  001  4.00    -999.00 6  
1   046  025  2.30    0.00    7  
4   046  039  5.40    4.45    8  
3   046  043  -9.00   7.41    9  
0   046  001  6.00    -999.00 10 
0   046  001  -39.00  -999.00 11 
3   045  044  1.00    4.45    1  
0   045  001  -1.50   -999.00 2  
2   045  044  -15.30  11.42   3  
1   045  006  1.00    0.00    4  
0   045  001  -6.00   -999.00 5  
0   045  001  4.00    -999.00 6  
1   045  025  2.30    0.00    7  
4   045  039  5.40    4.45    8  
3   045  043  -9.00   7.41    9  
0   045  001  6.00    -999.00 10 
0   045  001  -39.00  -999.00 11 
3   044  044  1.00    4.45    1  
0   044  001  -1.50   -999.00 2  
2   044  044  -15.30  11.42   3  
1   044  006  1.00    0.00    4  
0   044  001  -6.00   -999.00 5  
0   044  001  4.00    -999.00 6  
1   044  025  2.30    0.00    7  
4   044  039  5.40    4.45    8  
3   044  043  -9.00   7.41    9  
0   044  001  6.00    -999.00 10 
0   044  001  -39.00  -999.00 11 
2   043  032  -0.50   2.22    1  
0   043  001  -1.50   -999.00 2  
1   043  032  -23.00  0.00    3  
1   043  006  1.00    0.00    4  
0   043  001  -6.00   -999.00 5  
0   043  001  4.00    -999.00 6  
1   043  025  2.30    0.00    7  
4   043  039  5.40    4.45    8  
3   043  043  -9.00   7.41    9  
0   043  001  6.00    -999.00 10 
0   043  001  -39.00  -999.00 11 
2   042  032  -0.50   2.22    1  
0   042  001  -1.50   -999.00 2  
1   042  032  -23.00  0.00    3  
1   042  006  1.00    0.00    4  
0   042  001  -6.00   -999.00 5  
0   042  001  4.00    -999.00 6  
1   042  025  2.30    0.00    7  
4   042  039  5.40    4.45    8  
3   042  039  -1.80   2.67    9  
0   042  001  6.00    -999.00 10 
0   042  001  -39.00  -999.00 11 
2   041  032  -0.50   2.22    1  
0   041  001  -1.50   -999.00 2  
1   041  032  -23.00  0.00    3  
1   041  006  1.00    0.00    4  
0   041  001  -6.00   -999.00 5  
0   041  001  4.00    -999.00 6  
1   041  025  2.30    0.00    7  
4   041  039  5.40    4.45    8  
3   041  039  -1.80   2.67    9  
0   041  001  6.00    -999.00 10 
0   041  001  -39.00  -999.00 11 
2   040  032  -0.50   2.22    1  
0   040  001  -1.50   -999.00 2  
1   040  032  -23.00  0.00    3  
1   040  006  1.00    0.00    4  
0   040  001  -6.00   -999.00 5  
0   040  001  4.00    -999.00 6  
1   040  025  2.30    0.00    7  
4   040  039  5.40    4.45    8  
3   040  039  -1.80   2.67    9  
0   040  001  6.00    -999.00 10 
0   040  001  -39.00  -999.00 11 
2   039  032  -0.50   2.22    1  
0   039  001  -1.50   -999.00 2  
1   039  032  -23.00  0.00    3  
1   039  006  1.00    0.00    4  
0   039  001  -6.00   -999.00 5  
0   039  001  4.00    -999.00 6  
1   039  025  2.30    0.00    7  
4   039  039  5.40    4.45    8  
3   039  039  -1.80   2.67    9  
0   039  001  6.00    -999.00 10 
0   039  001  -39.00  -999.00 11 
2   038  032  -0.50   2.22    1  
0   038  001  -1.50   -999.00 2  
1   038  032  -23.00  0.00    3  
1   038  006  1.00    0.00    4  
0   038  001  -6.00   -999.00 5  
0   038  001  4.00    -999.00 6  
1   038  025  2.30    0.00    7  
3   038  028  7.00    4.74    8  
2   038  024  -5.40   5.34    9  
0   038  001  6.00    -999.00 10 
0   038  001  -39.00  -999.00 11 
2   037  032  -0.50   2.22    1  
0   037  001  -1.50   -999.00 2  
1   037  032  -23.00  0.00    3  
1   037  006  1.00    0.00    4  
0   037  001  -6.00   -999.00 5  
0   037  001  4.00    -999.00 6  
1   037  025  2.30    0.00    7  
3   037  028  7.00    4.74    8  
2   037  024  -5.40   5.34    9  
0   037  001  6.00    -999.00 10 
0   037  001  -39.00  -999.00 11 
2   036  032  -0.50   2.22    1  
0   036  001  -1.50   -999.00 2  
1   036  032  -23.00  0.00    3  
1   036  006  1.00    0.00    4  
0   036  001  -6.00   -999.00 5  
0   036  001  4.00    -999.00 6  
1   036  025  2.30    0.00    7  
3   036  028  7.00    4.74    8  
2   036  024  -5.40   5.34    9  
0   036  001  6.00    -999.00 10 
0   036  001  -39.00  -999.00 11 
2   035  032  -0.50   2.22    1  
0   035  001  -1.50   -999.00 2  
1   035  032  -23.00  0.00    3  
1   035  006  1.00    0.00    4  
0   035  001  -6.00   -999.00 5  
0   035  001  4.00    -999.00 6  
1   035  025  2.30    0.00    7  
4   035  028  8.50    3.71    8  
2   035  024  -5.40   5.34    9  
0   035  001  6.00    -999.00 10 
0   035  001  -39.00  -999.00 11 
2   034  032  -0.50   2.22    1  
0   034  001  -1.50   -999.00 2  
1   034  032  -23.00  0.00    3  
1   034  006  1.00    0.00    4  
0   034  001  -6.00   -999.00 5  
0   034  001  4.00    -999.00 6  
1   034  025  2.30    0.00    7  
4   034  028  8.50    3.71    8  
2   034  024  -5.40   5.34    9  
0   034  001  6.00    -999.00 10 
0   034  001  -39.00  -999.00 11 
2   033  032  -0.50   2.22    1  
0   033  001  -1.50   -999.00 2  
1   033  032  -23.00  0.00    3  
1   033  006  1.00    0.00    4  
0   033  001  -6.00   -999.00 5  
0   033  001  4.00    -999.00 6  
1   033  025  2.30    0.00    7  
4   033  028  8.50    3.71    8  
2   033  024  -5.40   5.34    9  
0   033  001  6.00    -999.00 10 
0   033  001  -39.00  -999.00 11 
2   032  032  -0.50   2.22    1  
0   032  001  -1.50   -999.00 2  
1   032  032  -23.00  0.00    3  
1   032  006  1.00    0.00    4  
0   032  001  -6.00   -999.00 5  
0   032  001  4.00    -999.00 6  
1   032  025  2.30    0.00    7  
4   032  028  8.50    3.71    8  
2   032  024  -5.40   5.34    9  
0   032  001  6.00    -999.00 10 
0   032  001  -39.00  -999.00 11 
1   031  006  1.00    0.00    1  
0   031  001  -1.50   -999.00 2  
0   031  001  10.50   -999.00 3  
1   031  006  1.00    0.00    4  
0   031  001  -6.00   -999.00 5  
0   031  001  4.00    -999.00 6  
1   031  025  2.30    0.00    7  
4   031  028  8.50    3.71    8  
2   031  024  -5.40   5.34    9  
0   031  001  6.00    -999.00 10 
0   031  001  -39.00  -999.00 11 
1   030  006  1.00    0.00    1  
0   030  001  -1.50   -999.00 2  
0   030  001  10.50   -999.00 3  
1   030  006  1.00    0.00    4  
0   030  001  -6.00   -999.00 5  
0   030  001  4.00    -999.00 6  
1   030  025  2.30    0.00    7  
4   030  028  8.50    3.71    8  
2   030  024  -5.40   5.34    9  
0   030  001  6.00    -999.00 10 
0   030  001  -39.00  -999.00 11 
1   029  006  1.00    0.00    1  
0   029  001  -1.50   -999.00 2  
0   029  001  10.50   -999.00 3  
1   029  006  1.00    0.00    4  
0   029  001  -6.00   -999.00 5  
0   029  001  4.00    -999.00 6  
1   029  025  2.30    0.00    7  
4   029  028  8.50    3.71    8  
2   029  024  -5.40   5.34    9  
0   029  001  6.00    -999.00 10 
0   029  001  -39.00  -999.00 11 
1   028  006  1.00    0.00    1  
0   028  001  -1.50   -999.00 2  
0   028  001  10.50   -999.00 3  
1   028  006  1.00    0.00    4  
0   028  001  -6.00   -999.00 5  
0   028  001  4.00    -999.00 6  
1   028  025  2.30    0.00    7  
4   028  028  8.50    3.71    8  
2   028  024  -5.40   5.34    9  
0   028  001  6.00    -999.00 10 
0   028  001  -39.00  -999.00 11 
1   027  006  1.00    0.00    1  
0   027  001  -1.50   -999.00 2  
0   027  001  10.50   -999.00 3  
1   027  006  1.00    0.00    4  
0   027  001  -6.00   -999.00 5  
0   027  001  4.00    -999.00 6  
1   027  025  2.30    0.00    7  
3   027  025  7.00    4.45    8  
2   027  024  -5.40   5.34    9  
0   027  001  6.00    -999.00 10 
0   027  001  -39.00  -999.00 11 
1   026  006  1.00    0.00    1  
0   026  001  -1.50   -999.00 2  
0   026  001  10.50   -999.00 3  
1   026  006  1.00    0.00    4  
0   026  001  -6.00   -999.00 5  
0   026  001  4.00    -999.00 6  
1   026  025  2.30    0.00    7  
3   026  025  7.00    4.45    8  
2   026  024  -5.40   5.34    9  
0   026  001  6.00    -999.00 10 
0   026  001  -39.00  -999.00 11 
1   025  006  1.00    0.00    1  
0   025  001  -1.50   -999.00 2  
0   025  001  10.50   -999.00 3  
1   025  006  1.00    0.00    4  
0   025  001  -6.00   -999.00 5  
0   025  001  4.00    -999.00 6  
1   025  025  2.30    0.00    7  
3   025  025  7.00    4.45    8  
2   025  024  -5.40   5.34    9  
0   025  001  6.00    -999.00 10 
0   025  001  -39.00  -999.00 11 
1   024  006  1.00    0.00    1  
0   024  001  -1.50   -999.00 2  
0   024  001  10.50   -999.00 3  
1   024  006  1.00    0.00    4  
0   024  001  -6.00   -999.00 5  
0   024  001  4.00    -999.00 6  
0   024  001  -0.50   -999.00 7  
2   024  021  6.90    4.60    8  
2   024  024  -5.40   5.34    9  
0   024  001  6.00    -999.00 10 
0   024  001  -39.00  -999.00 11 
1   023  006  1.00    0.00    1  
0   023  001  -1.50   -999.00 2  
0   023  001  10.50   -999.00 3  
1   023  006  1.00    0.00    4  
0   023  001  -6.00   -999.00 5  
0   023  001  4.00    -999.00 6  
0   023  001  -0.50   -999.00 7  
2   023  021  6.90    4.60    8  
1   023  015  -1.80   0.00    9  
0   023  001  6.00    -999.00 10 
0   023  001  -39.00  -999.00 11 
1   022  006  1.00    0.00    1  
0   022  001  -1.50   -999.00 2  
0   022  001  10.50   -999.00 3  
1   022  006  1.00    0.00    4  
0   022  001  -6.00   -999.00 5  
0   022  001  4.00    -999.00 6  
0   022  001  -0.50   -999.00 7  
2   022  021  6.90    4.60    8  
1   022  015  -1.80   0.00    9  
0   022  001  6.00    -999.00 10 
0   022  001  -39.00  -999.00 11 
1   021  006  1.00    0.00    1  
0   021  001  -1.50   -999.00 2  
0   021  001  10.50   -999.00 3  
1   021  006  1.00    0.00    4  
0   021  001  -6.00   -999.00 5  
0   021  001  4.00    -999.00 6  
0   021  001  -0.50   -999.00 7  
2   021  021  6.90    4.60    8  
1   021  015  -1.80   0.00    9  
0   021  001  6.00    -999.00 10 
0   021  001  -39.00  -999.00 11 
1   020  006  1.00    0.00    1  
0   020  001  -1.50   -999.00 2  
0   020  001  10.50   -999.00 3  
1   020  006  1.00    0.00    4  
0   020  001  -6.00   -999.00 5  
0   020  001  4.00    -999.00 6  
0   020  001  -0.50   -999.00 7  
1   020  008  10.00   0.00    8  
1   020  015  -1.80   0.00    9  
0   020  001  6.00    -999.00 10 
0   020  001  -39.00  -999.00 11 
1   019  006  1.00    0.00    1  
0   019  001  -1.50   -999.00 2  
0   019  001  10.50   -999.00 3  
1   019  006  1.00    0.00    4  
0   019  001  -6.00   -999.00 5  
0   019  001  4.00    -999.00 6  
0   019  001  -0.50   -999.00 7  
1   019  008  10.00   0.00    8  
1   019  015  -1.80   0.00    9  
0   019  001  6.00    -999.00 10 
0   019  001  -39.00  -999.00 11 
1   018  006  1.00    0.00    1  
0   018  001  -1.50   -999.00 2  
0   018  001  10.50   -999.00 3  
1   018  006  1.00    0.00    4  
0   018  001  -6.00   -999.00 5  
0   018  001  4.00    -999.00 6  
0   018  001  -0.50   -999.00 7  
1   018  008  10.00   0.00    8  
1   018  015  -1.80   0.00    9  
0   018  001  6.00    -999.00 10 
0   018  001  -39.00  -999.00 11 
1   017  006  1.00    0.00    1  
0   017  001  -1.50   -999.00 2  
0   017  001  10.50   -999.00 3  
1   017  006  1.00    0.00    4  
0   017  001  -6.00   -999.00 5  
0   017  001  4.00    -999.00 6  
0   017  001  -0.50   -999.00 7  
1   017  008  10.00   0.00    8  
1   017  015  -1.80   0.00    9  
0   017  001  6.00    -999.00 10 
0   017  001  -39.00  -999.00 11 
1   016  006  1.00    0.00    1  
0   016  001  -1.50   -999.00 2  
0   016  001  10.50   -999.00 3  
1   016  006  1.00    0.00    4  
0   016  001  -6.00   -999.00 5  
0   016  001  4.00    -999.00 6  
0   016  001  -0.50   -999.00 7  
1   016  008  10.00   0.00    8  
1   016  015  -1.80   0.00    9  
0   016  001  6.00    -999.00 10 
0   016  001  -39.00  -999.00 11 
1   015  006  1.00    0.00    1  
0   015  001  -1.50   -999.00 2  
0   015  001  10.50   -999.00 3  
1   015  006  1.00    0.00    4  
0   015  001  -6.00   -999.00 5  
0   015  001  4.00    -999.00 6  
0   015  001  -0.50   -999.00 7  
1   015  008  10.00   0.00    8  
1   015  015  -1.80   0.00    9  
0   015  001  6.00    -999.00 10 
0   015  001  -39.00  -999.00 11 
1   014  006  1.00    0.00    1  
0   014  001  -1.50   -999.00 2  
0   014  001  10.50   -999.00 3  
1   014  006  1.00    0.00    4  
0   014  001  -6.00   -999.00 5  
0   014  001  4.00    -999.00 6  
0   014  001  -0.50   -999.00 7  
1   014  008  10.00   0.00    8  
0   014  001  -4.00   -999.00 9  
0   014  001  6.00    -999.00 10 
0   014  001  -39.00  -999.00 11 
1   013  006  1.00    0.00    1  
0   013  001  -1.50   -999.00 2  
0   013  001  10.50   -999.00 3  
1   013  006  1.00    0.00    4  
0   013  001  -6.00   -999.00 5  
0   013  001  4.00    -999.00 6  
0   013  001  -0.50   -999.00 7  
1   013  008  10.00   0.00    8  
0   013  001  -4.00   -999.00 9  
0   013  001  6.00    -999.00 10 
0   013  001  -39.00  -999.00 11 
1   012  006  1.00    0.00    1  
0   012  001  -1.50   -999.00 2  
0   012  001  10.50   -999.00 3  
1   012  006  1.00    0.00    4  
0   012  001  -6.00   -999.00 5  
0   012  001  4.00    -999.00 6  
0   012  001  -0.50   -999.00 7  
1   012  008  10.00   0.00    8  
0   012  001  -4.00   -999.00 9  
0   012  001  6.00    -999.00 10 
0   012  001  -39.00  -999.00 11 
1   011  006  1.00    0.00    1  
0   011  001  -1.50   -999.00 2  
0   011  001  10.50   -999.00 3  
1   011  006  1.00    0.00    4  
0   011  001  -6.00   -999.00 5  
0   011  001  4.00    -999.00 6  
0   011  001  -0.50   -999.00 7  
1   011  008  10.00   0.00    8  
0   011  001  -4.00   -999.00 9  
0   011  001  6.00    -999.00 10 
0   011  001  -39.00  -999.00 11 
1   010  006  1.00    0.00    1  
0   010  001  -1.50   -999.00 2  
0   010  001  10.50   -999.00 3  
1   010  006  1.00    0.00    4  
0   010  001  -6.00   -999.00 5  
0   010  001  4.00    -999.00 6  
0   010  001  -0.50   -999.00 7  
1   010  008  10.00   0.00    8  
0   010  001  -4.00   -999.00 9  
0   010  001  6.00    -999.00 10 
0   010  001  -39.00  -999.00 11 
1   009  006  1.00    0.00    1  
0   009  001  -1.50   -999.00 2  
0   009  001  10.50   -999.00 3  
1   009  006  1.00    0.00    4  
0   009  001  -6.00   -999.00 5  
0   009  001  4.00    -999.00 6  
0   009  001  -0.50   -999.00 7  
1   009  008  10.00   0.00    8  
0   009  001  -4.00   -999.00 9  
0   009  001  6.00    -999.00 10 
0   009  001  -39.00  -999.00 11 
1   008  006  1.00    0.00    1  
0   008  001  -1.50   -999.00 2  
0   008  001  10.50   -999.00 3  
1   008  006  1.00    0.00    4  
0   008  001  -6.00   -999.00 5  
0   008  001  4.00    -999.00 6  
0   008  001  -0.50   -999.00 7  
1   008  008  10.00   0.00    8  
0   008  001  -4.00   -999.00 9  
0   008  001  6.00    -999.00 10 
0   008  001  -39.00  -999.00 11 
1   007  006  1.00    0.00    1  
0   007  001  -1.50   -999.00 2  
0   007  001  10.50   -999.00 3  
1   007  006  1.00    0.00    4  
0   007  001  -6.00   -999.00 5  
0   007  001  4.00    -999.00 6  
0   007  001  -0.50   -999.00 7  
0   007  001  7.00    -999.00 8  
0   007  001  -4.00   -999.00 9  
0   007  001  6.00    -999.00 10 
0   007  001  -39.00  -999.00 11 
1   006  006  1.00    0.00    1  
0   006  001  -1.50   -999.00 2  
0   006  001  10.50   -999.00 3  
1   006  006  1.00    0.00    4  
0   006  001  -6.00   -999.00 5  
0   006  001  4.00    -999.00 6  
0   006  001  -0.50   -999.00 7  
0   006  001  7.00    -999.00 8  
0   006  001  -4.00   -999.00 9  
0   006  001  6.00    -999.00 10 
0   006  001  -39.00  -999.00 11 
0   005  001  0.50    -999.00 1  
0   005  001  -1.50   -999.00 2  
0   005  001  10.50   -999.00 3  
0   005  001  3.00    -999.00 4  
0   005  001  -6.00   -999.00 5  
0   005  001  4.00    -999.00 6  
0   005  001  -0.50   -999.00 7  
0   005  001  7.00    -999.00 8  
0   005  001  -4.00   -999.00 9  
0   005  001  6.00    -999.00 10 
0   005  001  -39.00  -999.00 11 
0   004  001  0.50    -999.00 1  
0   004  001  -1.50   -999.00 2  
0   004  001  10.50   -999.00 3  
0   004  001  3.00    -999.00 4  
0   004  001  -6.00   -999.00 5  
0   004  001  4.00    -999.00 6  
0   004  001  -0.50   -999.00 7  
0   004  001  7.00    -999.00 8  
0   004  001  -4.00   -999.00 9  
0   004  001  6.00    -999.00 10 
0   004  001  -39.00  -999.00 11 
0   003  001  0.50    -999.00 1  
0   003  001  -1.50   -999.00 2  
0   003  001  10.50   -999.00 3  
0   003  001  3.00    -999.00 4  
0   003  001  -6.00   -999.00 5  
0   003  001  4.00    -999.00 6  
0   003  001  -0.50   -999.00 7  
0   003  001  7.00    -999.00 8  
0   003  001  -4.00   -999.00 9  
0   003  001  6.00    -999.00 10 
0   003  001  -39.00  -999.00 11 
0   002  001  0.50    -999.00 1  
0   002  001  -1.50   -999.00 2  
0   002  001  10.50   -999.00 3  
0   002  001  3.00    -999.00 4  
0   002  001  -6.00   -999.00 5  
0   002  001  4.00    -999.00 6  
0   002  001  -0.50   -999.00 7  
0   002  001  7.00    -999.00 8  
0   002  001  -4.00   -999.00 9  
0   002  001  6.00    -999.00 10 
0   002  001  -39.00  -999.00 11 
