8   228  2.50    4.76    229 
8   228  2.50    4.76    228 
9   226  2.00    4.09    227 
11  226  2.00    3.81    226 
11  224  2.00    3.57    225 
11  224  2.00    3.57    224 
11  223  1.00    3.47    223 
13  221  1.00    3.86    222 
13  221  1.00    3.86    221 
12  220  1.00    3.83    220 
12  219  1.50    4.25    219 
14  216  1.60    4.17    218 
14  216  1.60    4.17    217 
15  216  1.21    5.21    216 
15  214  1.21    5.42    215 
18  214  0.60    4.90    214 
18  213  0.00    4.90    213 
17  212  0.00    4.68    212 
17  210  0.00    4.58    211 
18  210  0.50    4.74    210 
18  209  1.10    4.91    209 
16  207  1.60    5.71    208 
18  207  0.60    5.61    207 
18  206  0.60    5.36    206 
16  205  0.60    5.37    205 
15  203  0.00    4.91    204 
15  203  0.00    4.91    203 
14  202  1.00    4.70    202 
16  201  -0.30   4.28    201 
16  200  1.00    4.89    200 
17  199  0.00    4.67    199 
15  198  0.00    4.82    198 
15  197  0.00    5.01    197 
14  196  -0.50   5.27    196 
14  195  -0.50   5.38    195 
16  194  -1.00   4.89    194 
15  192  -1.00   5.67    193 
15  192  -1.00   5.41    192 
18  191  -1.00   4.96    191 
15  188  -1.00   4.70    190 
17  188  -1.00   5.26    189 
18  188  -1.00   5.25    188 
17  187  -1.00   5.67    187 
16  186  -1.00   5.12    186 
15  184  -1.00   5.48    185 
15  184  -1.00   5.48    184 
15  181  -2.40   4.91    183 
16  181  -3.20   4.77    182 
17  181  -2.40   5.01    181 
15  180  -2.40   5.19    180 
15  179  -1.00   5.36    179 
15  178  -0.18   5.67    178 
13  176  -3.00   5.25    177 
13  176  -3.00   5.25    176 
12  175  -3.50   3.96    175 
12  174  -3.50   4.33    174 
12  173  -1.59   3.82    173 
11  172  -0.18   3.85    172 
11  171  0.00    3.94    171 
11  170  -3.00   4.47    170 
10  169  -1.25   4.54    169 
9   168  0.50    4.49    168 
9   167  -0.80   4.09    167 
9   166  -0.80   4.82    166 
8   165  -1.90   5.04    165 
8   164  0.60    5.36    164 
7   163  -0.80   5.00    163 
7   160  -0.80   4.64    162 
7   160  -0.80   4.64    161 
7   160  -0.80   4.64    160 
7   158  -1.00   3.72    159 
8   158  -1.50   3.43    158 
8   157  -1.50   3.16    157 
7   156  -0.80   3.08    156 
7   154  -0.80   3.56    155 
7   154  -0.80   3.56    154 
7   153  -0.30   3.62    153 
9   151  -1.00   2.78    152 
9   151  -1.00   2.78    151 
9   146  -2.00   2.99    150 
11  146  -2.00   3.27    149 
12  146  -2.06   3.08    148 
13  146  -2.12   3.18    147 
14  146  -2.06   3.78    146 
13  145  -2.12   4.23    145 
12  144  -2.06   4.94    144 
13  143  -0.30   4.60    143 
13  142  -2.00   4.91    142 
13  140  -2.00   4.77    141 
13  140  -2.00   4.77    140 
15  139  -1.00   4.49    139 
14  137  -1.00   4.37    138 
14  137  -1.00   4.37    137 
14  136  -1.00   4.03    136 
12  135  -1.00   4.48    135 
12  134  -1.00   4.66    134 
11  133  -1.00   4.50    133 
10  130  -1.00   4.08    132 
12  130  -1.00   3.66    131 
13  130  -1.00   4.68    130 
15  129  -2.00   5.12    129 
15  126  -2.00   4.65    128 
15  126  -2.00   4.65    127 
16  126  -2.50   5.36    126 
14  125  -3.00   5.71    125 
14  123  -2.00   5.52    124 
16  123  -2.50   5.45    123 
16  122  -2.00   5.53    122 
19  121  -2.00   4.93    121 
17  118  -2.00   4.96    120 
17  118  -2.00   4.96    119 
17  118  -2.00   4.96    118 
16  117  -2.70   5.25    117 
15  116  -2.40   5.10    116 
12  115  -2.00   5.35    115 
11  113  -1.00   5.91    114 
11  113  -1.00   5.91    113 
10  112  -1.50   4.31    112 
10  111  -1.50   4.30    111 
9   110  -2.00   4.46    110 
7   109  -1.00   4.10    109 
7   108  -1.00   3.71    108 
5   107  0.90    5.43    107 
5   104  -3.00   4.95    106 
5   104  -3.00   4.95    105 
5   104  -3.00   4.95    104 
5   102  -3.00   3.76    103 
5   102  -3.00   3.76    102 
5   101  -3.00   4.12    101 
5   098  0.00    3.65    100 
5   098  0.00    3.65    099 
5   098  0.00    3.65    098 
6   095  -1.50   4.87    097 
7   095  -3.00   5.07    096 
7   095  -3.00   5.07    095 
10  094  -2.50   3.71    094 
13  090  -1.65   3.42    093 
14  090  -1.82   3.54    092 
15  090  -1.65   3.29    091 
15  090  -1.65   3.29    090 
16  088  -1.82   4.11    089 
16  088  -1.82   4.11    088 
16  086  -1.82   4.25    087 
19  086  -1.00   3.83    086 
19  084  -1.00   3.87    085 
19  084  -1.00   3.87    084 
19  083  -1.00   3.56    083 
18  081  -1.00   3.36    082 
18  081  -1.00   3.36    081 
16  080  -0.90   4.07    080 
13  079  -1.00   4.33    079 
12  078  -1.00   4.18    078 
11  076  -1.00   4.48    077 
11  076  -1.00   4.48    076 
10  073  -1.00   3.22    075 
10  073  -1.00   3.22    074 
10  073  -1.00   3.22    073 
7   072  -1.00   4.84    072 
6   070  -1.75   5.31    071 
6   070  -1.75   5.31    070 
6   067  0.50    6.00    069 
10  067  -1.50   5.38    068 
12  067  -1.00   4.77    067 
13  066  -1.00   3.75    066 
12  065  -1.00   3.83    065 
14  062  -1.00   4.20    064 
14  062  -1.00   4.20    063 
14  062  -1.00   4.20    062 
14  060  -1.50   5.32    061 
