3   220  12.00   5.27    229  1  
2   207  10.35   3.93    229  2  
4   226  0.00    6.86    229  3  
0   001  5.00    -999.00 229  4  
2   208  -12.00  8.90    229  5  
3   218  2.40    3.76    229  6  
3   189  4.00    4.28    229  7  
3   201  3.30    1.88    229  8  
3   215  6.30    4.18    229  9  
4   213  10.15   3.60    229  10 
0   001  -10.00  -999.00 229  11 
1   171  2.00    0.00    229  12 
3   220  12.00   5.27    228  1  
2   207  10.35   3.93    228  2  
4   226  0.00    6.86    228  3  
0   001  5.00    -999.00 228  4  
2   208  -12.00  8.90    228  5  
3   218  2.40    3.76    228  6  
3   189  4.00    4.28    228  7  
3   201  3.30    1.88    228  8  
3   215  6.30    4.18    228  9  
5   213  11.00   3.10    228  10 
0   001  -10.00  -999.00 228  11 
1   171  2.00    0.00    228  12 
3   220  12.00   5.27    227  1  
2   207  10.35   3.93    227  2  
4   226  0.00    6.86    227  3  
0   001  5.00    -999.00 227  4  
2   208  -12.00  8.90    227  5  
3   218  2.40    3.76    227  6  
3   189  4.00    4.28    227  7  
3   201  3.30    1.88    227  8  
3   215  6.30    4.18    227  9  
5   213  11.00   3.10    227  10 
0   001  -10.00  -999.00 227  11 
1   171  2.00    0.00    227  12 
3   220  12.00   5.27    226  1  
2   207  10.35   3.93    226  2  
4   226  0.00    6.86    226  3  
0   001  5.00    -999.00 226  4  
2   208  -12.00  8.90    226  5  
3   218  2.40    3.76    226  6  
3   189  4.00    4.28    226  7  
3   201  3.30    1.88    226  8  
3   215  6.30    4.18    226  9  
5   213  11.00   3.10    226  10 
0   001  -10.00  -999.00 226  11 
1   171  2.00    0.00    226  12 
3   220  12.00   5.27    225  1  
2   207  10.35   3.93    225  2  
3   224  0.00    2.64    225  3  
0   001  5.00    -999.00 225  4  
2   208  -12.00  8.90    225  5  
3   218  2.40    3.76    225  6  
3   189  4.00    4.28    225  7  
3   201  3.30    1.88    225  8  
3   215  6.30    4.18    225  9  
5   213  11.00   3.10    225  10 
0   001  -10.00  -999.00 225  11 
1   171  2.00    0.00    225  12 
3   220  12.00   5.27    224  1  
2   207  10.35   3.93    224  2  
3   224  0.00    2.64    224  3  
0   001  5.00    -999.00 224  4  
2   208  -12.00  8.90    224  5  
3   218  2.40    3.76    224  6  
3   189  4.00    4.28    224  7  
3   201  3.30    1.88    224  8  
3   215  6.30    4.18    224  9  
5   213  11.00   3.10    224  10 
0   001  -10.00  -999.00 224  11 
1   171  2.00    0.00    224  12 
3   220  12.00   5.27    223  1  
2   207  10.35   3.93    223  2  
3   217  0.00    5.93    223  3  
0   001  5.00    -999.00 223  4  
2   208  -12.00  8.90    223  5  
3   218  2.40    3.76    223  6  
3   189  4.00    4.28    223  7  
3   201  3.30    1.88    223  8  
3   215  6.30    4.18    223  9  
5   213  11.00   3.10    223  10 
0   001  -10.00  -999.00 223  11 
1   171  2.00    0.00    223  12 
4   220  8.50    5.93    222  1  
2   207  10.35   3.93    222  2  
3   217  0.00    5.93    222  3  
0   001  5.00    -999.00 222  4  
2   208  -12.00  8.90    222  5  
3   218  2.40    3.76    222  6  
3   189  4.00    4.28    222  7  
3   201  3.30    1.88    222  8  
3   215  6.30    4.18    222  9  
5   213  11.00   3.10    222  10 
0   001  -10.00  -999.00 222  11 
1   171  2.00    0.00    222  12 
4   220  8.50    5.93    221  1  
2   207  10.35   3.93    221  2  
3   217  0.00    5.93    221  3  
0   001  5.00    -999.00 221  4  
2   208  -12.00  8.90    221  5  
3   218  2.40    3.76    221  6  
3   189  4.00    4.28    221  7  
3   201  3.30    1.88    221  8  
3   215  6.30    4.18    221  9  
5   213  11.00   3.10    221  10 
0   001  -10.00  -999.00 221  11 
1   171  2.00    0.00    221  12 
4   220  8.50    5.93    220  1  
2   207  10.35   3.93    220  2  
3   217  0.00    5.93    220  3  
0   001  5.00    -999.00 220  4  
2   208  -12.00  8.90    220  5  
3   218  2.40    3.76    220  6  
3   189  4.00    4.28    220  7  
3   201  3.30    1.88    220  8  
3   215  6.30    4.18    220  9  
5   213  11.00   3.10    220  10 
0   001  -10.00  -999.00 220  11 
1   171  2.00    0.00    220  12 
3   214  5.00    4.61    219  1  
2   207  10.35   3.93    219  2  
3   217  0.00    5.93    219  3  
0   001  5.00    -999.00 219  4  
2   208  -12.00  8.90    219  5  
3   218  2.40    3.76    219  6  
3   189  4.00    4.28    219  7  
3   201  3.30    1.88    219  8  
3   215  6.30    4.18    219  9  
5   213  11.00   3.10    219  10 
0   001  -10.00  -999.00 219  11 
1   171  2.00    0.00    219  12 
3   214  5.00    4.61    218  1  
2   207  10.35   3.93    218  2  
3   217  0.00    5.93    218  3  
0   001  5.00    -999.00 218  4  
2   208  -12.00  8.90    218  5  
3   218  2.40    3.76    218  6  
3   189  4.00    4.28    218  7  
3   201  3.30    1.88    218  8  
3   215  6.30    4.18    218  9  
5   213  11.00   3.10    218  10 
0   001  -10.00  -999.00 218  11 
1   171  2.00    0.00    218  12 
3   214  5.00    4.61    217  1  
2   207  10.35   3.93    217  2  
3   217  0.00    5.93    217  3  
0   001  5.00    -999.00 217  4  
2   208  -12.00  8.90    217  5  
3   205  -2.50   3.95    217  6  
3   189  4.00    4.28    217  7  
3   201  3.30    1.88    217  8  
3   215  6.30    4.18    217  9  
5   213  11.00   3.10    217  10 
0   001  -10.00  -999.00 217  11 
1   171  2.00    0.00    217  12 
3   214  5.00    4.61    216  1  
2   207  10.35   3.93    216  2  
3   212  -6.00   4.94    216  3  
0   001  5.00    -999.00 216  4  
2   208  -12.00  8.90    216  5  
3   205  -2.50   3.95    216  6  
3   189  4.00    4.28    216  7  
3   201  3.30    1.88    216  8  
3   215  6.30    4.18    216  9  
5   213  11.00   3.10    216  10 
0   001  -10.00  -999.00 216  11 
1   171  2.00    0.00    216  12 
3   214  5.00    4.61    215  1  
2   207  10.35   3.93    215  2  
3   212  -6.00   4.94    215  3  
0   001  5.00    -999.00 215  4  
2   208  -12.00  8.90    215  5  
3   205  -2.50   3.95    215  6  
3   189  4.00    4.28    215  7  
3   201  3.30    1.88    215  8  
3   215  6.30    4.18    215  9  
5   213  11.00   3.10    215  10 
0   001  -10.00  -999.00 215  11 
1   171  2.00    0.00    215  12 
3   214  5.00    4.61    214  1  
2   207  10.35   3.93    214  2  
3   212  -6.00   4.94    214  3  
0   001  5.00    -999.00 214  4  
2   208  -12.00  8.90    214  5  
3   205  -2.50   3.95    214  6  
3   189  4.00    4.28    214  7  
3   201  3.30    1.88    214  8  
3   209  3.00    2.17    214  9  
5   213  11.00   3.10    214  10 
0   001  -10.00  -999.00 214  11 
1   171  2.00    0.00    214  12 
3   201  9.00    3.62    213  1  
2   207  10.35   3.93    213  2  
3   212  -6.00   4.94    213  3  
0   001  5.00    -999.00 213  4  
2   208  -12.00  8.90    213  5  
3   205  -2.50   3.95    213  6  
3   189  4.00    4.28    213  7  
3   201  3.30    1.88    213  8  
3   209  3.00    2.17    213  9  
5   213  11.00   3.10    213  10 
0   001  -10.00  -999.00 213  11 
1   171  2.00    0.00    213  12 
3   201  9.00    3.62    212  1  
2   207  10.35   3.93    212  2  
3   212  -6.00   4.94    212  3  
0   001  5.00    -999.00 212  4  
2   208  -12.00  8.90    212  5  
3   205  -2.50   3.95    212  6  
3   189  4.00    4.28    212  7  
3   201  3.30    1.88    212  8  
3   209  3.00    2.17    212  9  
4   207  10.15   2.48    212  10 
0   001  -10.00  -999.00 212  11 
1   171  2.00    0.00    212  12 
3   201  9.00    3.62    211  1  
2   207  10.35   3.93    211  2  
3   190  -6.00   6.26    211  3  
0   001  5.00    -999.00 211  4  
2   208  -12.00  8.90    211  5  
3   205  -2.50   3.95    211  6  
3   189  4.00    4.28    211  7  
3   201  3.30    1.88    211  8  
3   209  3.00    2.17    211  9  
4   207  10.15   2.48    211  10 
0   001  -10.00  -999.00 211  11 
1   171  2.00    0.00    211  12 
3   201  9.00    3.62    210  1  
2   207  10.35   3.93    210  2  
3   190  -6.00   6.26    210  3  
0   001  5.00    -999.00 210  4  
2   208  -12.00  8.90    210  5  
3   205  -2.50   3.95    210  6  
3   189  4.00    4.28    210  7  
3   201  3.30    1.88    210  8  
3   209  3.00    2.17    210  9  
4   207  10.15   2.48    210  10 
0   001  -10.00  -999.00 210  11 
1   171  2.00    0.00    210  12 
3   201  9.00    3.62    209  1  
2   207  10.35   3.93    209  2  
3   190  -6.00   6.26    209  3  
0   001  5.00    -999.00 209  4  
2   208  -12.00  8.90    209  5  
3   205  -2.50   3.95    209  6  
3   189  4.00    4.28    209  7  
3   201  3.30    1.88    209  8  
3   209  3.00    2.17    209  9  
4   207  10.15   2.48    209  10 
0   001  -10.00  -999.00 209  11 
1   171  2.00    0.00    209  12 
3   201  9.00    3.62    208  1  
2   207  10.35   3.93    208  2  
3   190  -6.00   6.26    208  3  
0   001  5.00    -999.00 208  4  
2   208  -12.00  8.90    208  5  
3   205  -2.50   3.95    208  6  
3   189  4.00    4.28    208  7  
3   201  3.30    1.88    208  8  
3   205  3.00    2.50    208  9  
4   207  10.15   2.48    208  10 
0   001  -10.00  -999.00 208  11 
1   171  2.00    0.00    208  12 
3   201  9.00    3.62    207  1  
2   207  10.35   3.93    207  2  
3   190  -6.00   6.26    207  3  
0   001  5.00    -999.00 207  4  
2   135  -15.50  3.71    207  5  
3   205  -2.50   3.95    207  6  
3   189  4.00    4.28    207  7  
3   201  3.30    1.88    207  8  
3   205  3.00    2.50    207  9  
4   207  10.15   2.48    207  10 
0   001  -10.00  -999.00 207  11 
1   171  2.00    0.00    207  12 
3   201  9.00    3.62    206  1  
1   159  13.00   0.00    206  2  
3   190  -6.00   6.26    206  3  
0   001  5.00    -999.00 206  4  
2   135  -15.50  3.71    206  5  
3   205  -2.50   3.95    206  6  
3   189  4.00    4.28    206  7  
3   201  3.30    1.88    206  8  
3   205  3.00    2.50    206  9  
3   205  9.30    2.73    206  10 
0   001  -10.00  -999.00 206  11 
1   171  2.00    0.00    206  12 
3   201  9.00    3.62    205  1  
1   159  13.00   0.00    205  2  
3   190  -6.00   6.26    205  3  
0   001  5.00    -999.00 205  4  
2   135  -15.50  3.71    205  5  
3   205  -2.50   3.95    205  6  
3   189  4.00    4.28    205  7  
3   201  3.30    1.88    205  8  
3   205  3.00    2.50    205  9  
3   205  9.30    2.73    205  10 
0   001  -10.00  -999.00 205  11 
1   171  2.00    0.00    205  12 
3   201  9.00    3.62    204  1  
1   159  13.00   0.00    204  2  
3   190  -6.00   6.26    204  3  
0   001  5.00    -999.00 204  4  
2   135  -15.50  3.71    204  5  
3   182  -2.50   5.01    204  6  
3   189  4.00    4.28    204  7  
3   201  3.30    1.88    204  8  
3   184  2.00    3.10    204  9  
3   202  9.30    2.73    204  10 
0   001  -10.00  -999.00 204  11 
1   171  2.00    0.00    204  12 
3   201  9.00    3.62    203  1  
1   159  13.00   0.00    203  2  
3   190  -6.00   6.26    203  3  
0   001  5.00    -999.00 203  4  
2   135  -15.50  3.71    203  5  
3   182  -2.50   5.01    203  6  
3   189  4.00    4.28    203  7  
3   201  3.30    1.88    203  8  
3   184  2.00    3.10    203  9  
3   202  9.30    2.73    203  10 
0   001  -10.00  -999.00 203  11 
1   171  2.00    0.00    203  12 
3   201  9.00    3.62    202  1  
1   159  13.00   0.00    202  2  
3   190  -6.00   6.26    202  3  
0   001  5.00    -999.00 202  4  
2   135  -15.50  3.71    202  5  
3   182  -2.50   5.01    202  6  
3   189  4.00    4.28    202  7  
3   201  3.30    1.88    202  8  
3   184  2.00    3.10    202  9  
3   202  9.30    2.73    202  10 
0   001  -10.00  -999.00 202  11 
1   171  2.00    0.00    202  12 
3   201  9.00    3.62    201  1  
1   159  13.00   0.00    201  2  
3   190  -6.00   6.26    201  3  
0   001  5.00    -999.00 201  4  
2   135  -15.50  3.71    201  5  
3   182  -2.50   5.01    201  6  
3   189  4.00    4.28    201  7  
3   201  3.30    1.88    201  8  
3   184  2.00    3.10    201  9  
3   201  6.00    3.82    201  10 
0   001  -10.00  -999.00 201  11 
1   171  2.00    0.00    201  12 
3   195  9.00    6.13    200  1  
1   159  13.00   0.00    200  2  
3   190  -6.00   6.26    200  3  
0   001  5.00    -999.00 200  4  
2   135  -15.50  3.71    200  5  
3   182  -2.50   5.01    200  6  
3   189  4.00    4.28    200  7  
3   191  3.30    11.76   200  8  
3   184  2.00    3.10    200  9  
3   170  6.00    2.24    200  10 
0   001  -10.00  -999.00 200  11 
1   171  2.00    0.00    200  12 
3   195  9.00    6.13    199  1  
1   159  13.00   0.00    199  2  
3   190  -6.00   6.26    199  3  
0   001  5.00    -999.00 199  4  
2   135  -15.50  3.71    199  5  
3   182  -2.50   5.01    199  6  
3   189  4.00    4.28    199  7  
3   191  3.30    11.76   199  8  
3   184  2.00    3.10    199  9  
3   170  6.00    2.24    199  10 
0   001  -10.00  -999.00 199  11 
1   171  2.00    0.00    199  12 
3   195  9.00    6.13    198  1  
1   159  13.00   0.00    198  2  
3   190  -6.00   6.26    198  3  
0   001  5.00    -999.00 198  4  
2   135  -15.50  3.71    198  5  
3   182  -2.50   5.01    198  6  
3   189  4.00    4.28    198  7  
3   191  3.30    11.76   198  8  
3   184  2.00    3.10    198  9  
3   170  6.00    2.24    198  10 
0   001  -10.00  -999.00 198  11 
1   171  2.00    0.00    198  12 
3   195  9.00    6.13    197  1  
1   159  13.00   0.00    197  2  
3   190  -6.00   6.26    197  3  
0   001  5.00    -999.00 197  4  
2   135  -15.50  3.71    197  5  
3   182  -2.50   5.01    197  6  
3   189  4.00    4.28    197  7  
3   191  3.30    11.76   197  8  
3   184  2.00    3.10    197  9  
3   170  6.00    2.24    197  10 
0   001  -10.00  -999.00 197  11 
1   171  2.00    0.00    197  12 
3   195  9.00    6.13    196  1  
1   159  13.00   0.00    196  2  
3   190  -6.00   6.26    196  3  
0   001  5.00    -999.00 196  4  
2   135  -15.50  3.71    196  5  
3   182  -2.50   5.01    196  6  
3   189  4.00    4.28    196  7  
3   191  3.30    11.76   196  8  
3   184  2.00    3.10    196  9  
3   170  6.00    2.24    196  10 
0   001  -10.00  -999.00 196  11 
1   171  2.00    0.00    196  12 
3   195  9.00    6.13    195  1  
1   159  13.00   0.00    195  2  
3   190  -6.00   6.26    195  3  
0   001  5.00    -999.00 195  4  
2   135  -15.50  3.71    195  5  
3   182  -2.50   5.01    195  6  
3   189  4.00    4.28    195  7  
3   191  3.30    11.76   195  8  
3   184  2.00    3.10    195  9  
3   170  6.00    2.24    195  10 
0   001  -10.00  -999.00 195  11 
1   171  2.00    0.00    195  12 
2   178  12.65   5.41    194  1  
1   159  13.00   0.00    194  2  
3   190  -6.00   6.26    194  3  
0   001  5.00    -999.00 194  4  
2   135  -15.50  3.71    194  5  
3   182  -2.50   5.01    194  6  
3   189  4.00    4.28    194  7  
3   191  3.30    11.76   194  8  
3   184  2.00    3.10    194  9  
3   170  6.00    2.24    194  10 
0   001  -10.00  -999.00 194  11 
1   171  2.00    0.00    194  12 
2   178  12.65   5.41    193  1  
1   159  13.00   0.00    193  2  
3   190  -6.00   6.26    193  3  
0   001  5.00    -999.00 193  4  
2   135  -15.50  3.71    193  5  
3   182  -2.50   5.01    193  6  
3   189  4.00    4.28    193  7  
3   191  3.30    11.76   193  8  
3   184  2.00    3.10    193  9  
3   170  6.00    2.24    193  10 
0   001  -10.00  -999.00 193  11 
1   171  2.00    0.00    193  12 
2   178  12.65   5.41    192  1  
1   159  13.00   0.00    192  2  
3   190  -6.00   6.26    192  3  
0   001  5.00    -999.00 192  4  
2   135  -15.50  3.71    192  5  
3   182  -2.50   5.01    192  6  
3   189  4.00    4.28    192  7  
3   191  3.30    11.76   192  8  
3   184  2.00    3.10    192  9  
3   170  6.00    2.24    192  10 
0   001  -10.00  -999.00 192  11 
1   171  2.00    0.00    192  12 
2   178  12.65   5.41    191  1  
1   159  13.00   0.00    191  2  
3   190  -6.00   6.26    191  3  
0   001  5.00    -999.00 191  4  
2   135  -15.50  3.71    191  5  
3   182  -2.50   5.01    191  6  
3   189  4.00    4.28    191  7  
3   191  3.30    11.76   191  8  
3   184  2.00    3.10    191  9  
3   170  6.00    2.24    191  10 
0   001  -10.00  -999.00 191  11 
1   171  2.00    0.00    191  12 
2   178  12.65   5.41    190  1  
1   159  13.00   0.00    190  2  
3   190  -6.00   6.26    190  3  
0   001  5.00    -999.00 190  4  
2   135  -15.50  3.71    190  5  
3   182  -2.50   5.01    190  6  
3   189  4.00    4.28    190  7  
3   178  3.00    13.18   190  8  
3   184  2.00    3.10    190  9  
3   170  6.00    2.24    190  10 
0   001  -10.00  -999.00 190  11 
1   171  2.00    0.00    190  12 
2   178  12.65   5.41    189  1  
1   159  13.00   0.00    189  2  
3   147  -6.00   8.57    189  3  
0   001  5.00    -999.00 189  4  
2   135  -15.50  3.71    189  5  
3   182  -2.50   5.01    189  6  
3   189  4.00    4.28    189  7  
3   178  3.00    13.18   189  8  
3   184  2.00    3.10    189  9  
3   170  6.00    2.24    189  10 
0   001  -10.00  -999.00 189  11 
1   171  2.00    0.00    189  12 
2   178  12.65   5.41    188  1  
1   159  13.00   0.00    188  2  
3   147  -6.00   8.57    188  3  
0   001  5.00    -999.00 188  4  
2   135  -15.50  3.71    188  5  
3   182  -2.50   5.01    188  6  
3   178  9.00    7.22    188  7  
3   178  3.00    13.18   188  8  
3   184  2.00    3.10    188  9  
3   170  6.00    2.24    188  10 
0   001  -10.00  -999.00 188  11 
1   171  2.00    0.00    188  12 
2   178  12.65   5.41    187  1  
1   159  13.00   0.00    187  2  
3   147  -6.00   8.57    187  3  
0   001  5.00    -999.00 187  4  
2   135  -15.50  3.71    187  5  
3   182  -2.50   5.01    187  6  
3   178  9.00    7.22    187  7  
3   178  3.00    13.18   187  8  
3   184  2.00    3.10    187  9  
3   170  6.00    2.24    187  10 
0   001  -10.00  -999.00 187  11 
1   171  2.00    0.00    187  12 
2   178  12.65   5.41    186  1  
1   159  13.00   0.00    186  2  
3   147  -6.00   8.57    186  3  
0   001  5.00    -999.00 186  4  
2   135  -15.50  3.71    186  5  
3   182  -2.50   5.01    186  6  
3   178  9.00    7.22    186  7  
3   178  3.00    13.18   186  8  
3   184  2.00    3.10    186  9  
3   170  6.00    2.24    186  10 
0   001  -10.00  -999.00 186  11 
1   171  2.00    0.00    186  12 
2   178  12.65   5.41    185  1  
1   159  13.00   0.00    185  2  
3   147  -6.00   8.57    185  3  
0   001  5.00    -999.00 185  4  
2   135  -15.50  3.71    185  5  
3   182  -2.50   5.01    185  6  
3   178  9.00    7.22    185  7  
3   178  3.00    13.18   185  8  
3   184  2.00    3.10    185  9  
3   170  6.00    2.24    185  10 
0   001  -10.00  -999.00 185  11 
1   171  2.00    0.00    185  12 
2   178  12.65   5.41    184  1  
1   159  13.00   0.00    184  2  
3   147  -6.00   8.57    184  3  
0   001  5.00    -999.00 184  4  
2   135  -15.50  3.71    184  5  
3   182  -2.50   5.01    184  6  
3   178  9.00    7.22    184  7  
3   178  3.00    13.18   184  8  
3   184  2.00    3.10    184  9  
3   170  6.00    2.24    184  10 
0   001  -10.00  -999.00 184  11 
1   171  2.00    0.00    184  12 
2   178  12.65   5.41    183  1  
1   159  13.00   0.00    183  2  
3   147  -6.00   8.57    183  3  
0   001  5.00    -999.00 183  4  
2   135  -15.50  3.71    183  5  
3   182  -2.50   5.01    183  6  
3   178  9.00    7.22    183  7  
3   178  3.00    13.18   183  8  
3   181  -2.20   3.69    183  9  
3   170  6.00    2.24    183  10 
0   001  -10.00  -999.00 183  11 
1   171  2.00    0.00    183  12 
2   178  12.65   5.41    182  1  
1   159  13.00   0.00    182  2  
3   147  -6.00   8.57    182  3  
0   001  5.00    -999.00 182  4  
2   135  -15.50  3.71    182  5  
3   182  -2.50   5.01    182  6  
3   178  9.00    7.22    182  7  
3   178  3.00    13.18   182  8  
3   181  -2.20   3.69    182  9  
3   170  6.00    2.24    182  10 
0   001  -10.00  -999.00 182  11 
1   171  2.00    0.00    182  12 
2   178  12.65   5.41    181  1  
1   159  13.00   0.00    181  2  
3   147  -6.00   8.57    181  3  
0   001  5.00    -999.00 181  4  
2   135  -15.50  3.71    181  5  
3   170  -4.70   6.75    181  6  
3   178  9.00    7.22    181  7  
3   178  3.00    13.18   181  8  
3   181  -2.20   3.69    181  9  
3   170  6.00    2.24    181  10 
0   001  -10.00  -999.00 181  11 
1   171  2.00    0.00    181  12 
2   178  12.65   5.41    180  1  
1   159  13.00   0.00    180  2  
3   147  -6.00   8.57    180  3  
0   001  5.00    -999.00 180  4  
2   135  -15.50  3.71    180  5  
3   170  -4.70   6.75    180  6  
3   178  9.00    7.22    180  7  
3   178  3.00    13.18   180  8  
2   144  -3.60   2.08    180  9  
3   170  6.00    2.24    180  10 
0   001  -10.00  -999.00 180  11 
1   171  2.00    0.00    180  12 
2   178  12.65   5.41    179  1  
1   159  13.00   0.00    179  2  
3   147  -6.00   8.57    179  3  
0   001  5.00    -999.00 179  4  
2   135  -15.50  3.71    179  5  
3   170  -4.70   6.75    179  6  
3   178  9.00    7.22    179  7  
3   178  3.00    13.18   179  8  
2   144  -3.60   2.08    179  9  
3   170  6.00    2.24    179  10 
0   001  -10.00  -999.00 179  11 
1   171  2.00    0.00    179  12 
2   178  12.65   5.41    178  1  
1   159  13.00   0.00    178  2  
3   147  -6.00   8.57    178  3  
0   001  5.00    -999.00 178  4  
2   135  -15.50  3.71    178  5  
3   170  -4.70   6.75    178  6  
3   178  9.00    7.22    178  7  
3   178  3.00    13.18   178  8  
2   144  -3.60   2.08    178  9  
3   170  6.00    2.24    178  10 
0   001  -10.00  -999.00 178  11 
1   171  2.00    0.00    178  12 
1   136  16.30   0.00    177  1  
1   159  13.00   0.00    177  2  
3   147  -6.00   8.57    177  3  
0   001  5.00    -999.00 177  4  
2   135  -15.50  3.71    177  5  
3   170  -4.70   6.75    177  6  
3   108  5.00    7.84    177  7  
3   147  8.00    11.53   177  8  
2   144  -3.60   2.08    177  9  
3   170  6.00    2.24    177  10 
0   001  -10.00  -999.00 177  11 
1   171  2.00    0.00    177  12 
1   136  16.30   0.00    176  1  
1   159  13.00   0.00    176  2  
3   147  -6.00   8.57    176  3  
0   001  5.00    -999.00 176  4  
2   135  -15.50  3.71    176  5  
3   170  -4.70   6.75    176  6  
3   108  5.00    7.84    176  7  
3   147  8.00    11.53   176  8  
2   144  -3.60   2.08    176  9  
3   170  6.00    2.24    176  10 
0   001  -10.00  -999.00 176  11 
1   171  2.00    0.00    176  12 
1   136  16.30   0.00    175  1  
1   159  13.00   0.00    175  2  
3   147  -6.00   8.57    175  3  
0   001  5.00    -999.00 175  4  
2   135  -15.50  3.71    175  5  
3   170  -4.70   6.75    175  6  
3   108  5.00    7.84    175  7  
3   147  8.00    11.53   175  8  
2   144  -3.60   2.08    175  9  
3   170  6.00    2.24    175  10 
0   001  -10.00  -999.00 175  11 
1   171  2.00    0.00    175  12 
1   136  16.30   0.00    174  1  
1   159  13.00   0.00    174  2  
3   147  -6.00   8.57    174  3  
0   001  5.00    -999.00 174  4  
2   135  -15.50  3.71    174  5  
3   170  -4.70   6.75    174  6  
3   108  5.00    7.84    174  7  
3   147  8.00    11.53   174  8  
2   144  -3.60   2.08    174  9  
3   170  6.00    2.24    174  10 
0   001  -10.00  -999.00 174  11 
1   171  2.00    0.00    174  12 
1   136  16.30   0.00    173  1  
1   159  13.00   0.00    173  2  
3   147  -6.00   8.57    173  3  
0   001  5.00    -999.00 173  4  
2   135  -15.50  3.71    173  5  
3   170  -4.70   6.75    173  6  
3   108  5.00    7.84    173  7  
3   147  8.00    11.53   173  8  
2   144  -3.60   2.08    173  9  
3   170  6.00    2.24    173  10 
0   001  -10.00  -999.00 173  11 
1   171  2.00    0.00    173  12 
1   136  16.30   0.00    172  1  
1   159  13.00   0.00    172  2  
3   147  -6.00   8.57    172  3  
0   001  5.00    -999.00 172  4  
2   135  -15.50  3.71    172  5  
3   170  -4.70   6.75    172  6  
3   108  5.00    7.84    172  7  
3   147  8.00    11.53   172  8  
2   144  -3.60   2.08    172  9  
3   170  6.00    2.24    172  10 
0   001  -10.00  -999.00 172  11 
1   171  2.00    0.00    172  12 
1   136  16.30   0.00    171  1  
1   159  13.00   0.00    171  2  
3   147  -6.00   8.57    171  3  
0   001  5.00    -999.00 171  4  
2   135  -15.50  3.71    171  5  
3   170  -4.70   6.75    171  6  
3   108  5.00    7.84    171  7  
3   147  8.00    11.53   171  8  
2   144  -3.60   2.08    171  9  
3   170  6.00    2.24    171  10 
0   001  -10.00  -999.00 171  11 
1   171  2.00    0.00    171  12 
1   136  16.30   0.00    170  1  
1   159  13.00   0.00    170  2  
3   147  -6.00   8.57    170  3  
0   001  5.00    -999.00 170  4  
2   135  -15.50  3.71    170  5  
3   170  -4.70   6.75    170  6  
3   108  5.00    7.84    170  7  
3   147  8.00    11.53   170  8  
2   144  -3.60   2.08    170  9  
3   170  6.00    2.24    170  10 
0   001  -10.00  -999.00 170  11 
0   001  -5.00   -999.00 170  12 
1   136  16.30   0.00    169  1  
1   159  13.00   0.00    169  2  
3   147  -6.00   8.57    169  3  
0   001  5.00    -999.00 169  4  
2   135  -15.50  3.71    169  5  
3   163  -1.80   5.86    169  6  
3   108  5.00    7.84    169  7  
3   147  8.00    11.53   169  8  
2   144  -3.60   2.08    169  9  
1   164  8.60    0.00    169  10 
0   001  -10.00  -999.00 169  11 
0   001  -5.00   -999.00 169  12 
1   136  16.30   0.00    168  1  
1   159  13.00   0.00    168  2  
3   147  -6.00   8.57    168  3  
0   001  5.00    -999.00 168  4  
2   135  -15.50  3.71    168  5  
3   163  -1.80   5.86    168  6  
3   108  5.00    7.84    168  7  
3   147  8.00    11.53   168  8  
2   144  -3.60   2.08    168  9  
1   164  8.60    0.00    168  10 
0   001  -10.00  -999.00 168  11 
0   001  -5.00   -999.00 168  12 
1   136  16.30   0.00    167  1  
1   159  13.00   0.00    167  2  
3   147  -6.00   8.57    167  3  
0   001  5.00    -999.00 167  4  
2   135  -15.50  3.71    167  5  
3   163  -1.80   5.86    167  6  
3   108  5.00    7.84    167  7  
3   147  8.00    11.53   167  8  
2   144  -3.60   2.08    167  9  
1   164  8.60    0.00    167  10 
0   001  -10.00  -999.00 167  11 
0   001  -5.00   -999.00 167  12 
1   136  16.30   0.00    166  1  
1   159  13.00   0.00    166  2  
3   147  -6.00   8.57    166  3  
0   001  5.00    -999.00 166  4  
2   135  -15.50  3.71    166  5  
3   163  -1.80   5.86    166  6  
3   108  5.00    7.84    166  7  
3   147  8.00    11.53   166  8  
2   144  -3.60   2.08    166  9  
1   164  8.60    0.00    166  10 
0   001  -10.00  -999.00 166  11 
0   001  -5.00   -999.00 166  12 
1   136  16.30   0.00    165  1  
1   159  13.00   0.00    165  2  
3   147  -6.00   8.57    165  3  
0   001  5.00    -999.00 165  4  
2   135  -15.50  3.71    165  5  
3   163  -1.80   5.86    165  6  
3   108  5.00    7.84    165  7  
3   147  8.00    11.53   165  8  
2   144  -3.60   2.08    165  9  
1   164  8.60    0.00    165  10 
0   001  -10.00  -999.00 165  11 
0   001  -5.00   -999.00 165  12 
1   136  16.30   0.00    164  1  
1   159  13.00   0.00    164  2  
3   147  -6.00   8.57    164  3  
0   001  5.00    -999.00 164  4  
2   135  -15.50  3.71    164  5  
3   163  -1.80   5.86    164  6  
3   108  5.00    7.84    164  7  
3   147  8.00    11.53   164  8  
2   144  -3.60   2.08    164  9  
1   164  8.60    0.00    164  10 
0   001  -10.00  -999.00 164  11 
0   001  -5.00   -999.00 164  12 
1   136  16.30   0.00    163  1  
1   159  13.00   0.00    163  2  
3   147  -6.00   8.57    163  3  
0   001  5.00    -999.00 163  4  
2   135  -15.50  3.71    163  5  
4   163  -1.40   4.67    163  6  
3   108  5.00    7.84    163  7  
3   147  8.00    11.53   163  8  
2   144  -3.60   2.08    163  9  
0   001  -5.00   -999.00 163  10 
0   001  -10.00  -999.00 163  11 
0   001  -5.00   -999.00 163  12 
1   136  16.30   0.00    162  1  
1   159  13.00   0.00    162  2  
3   147  -6.00   8.57    162  3  
0   001  5.00    -999.00 162  4  
2   135  -15.50  3.71    162  5  
3   142  -1.80   4.22    162  6  
3   108  5.00    7.84    162  7  
3   147  8.00    11.53   162  8  
2   144  -3.60   2.08    162  9  
0   001  -5.00   -999.00 162  10 
0   001  -10.00  -999.00 162  11 
0   001  -5.00   -999.00 162  12 
1   136  16.30   0.00    161  1  
1   159  13.00   0.00    161  2  
3   147  -6.00   8.57    161  3  
0   001  5.00    -999.00 161  4  
2   135  -15.50  3.71    161  5  
3   142  -1.80   4.22    161  6  
3   108  5.00    7.84    161  7  
3   147  8.00    11.53   161  8  
2   144  -3.60   2.08    161  9  
0   001  -5.00   -999.00 161  10 
0   001  -10.00  -999.00 161  11 
0   001  -5.00   -999.00 161  12 
1   136  16.30   0.00    160  1  
1   159  13.00   0.00    160  2  
3   147  -6.00   8.57    160  3  
0   001  5.00    -999.00 160  4  
2   135  -15.50  3.71    160  5  
3   142  -1.80   4.22    160  6  
3   108  5.00    7.84    160  7  
3   147  8.00    11.53   160  8  
2   144  -3.60   2.08    160  9  
0   001  -5.00   -999.00 160  10 
0   001  -10.00  -999.00 160  11 
0   001  -5.00   -999.00 160  12 
1   136  16.30   0.00    159  1  
1   159  13.00   0.00    159  2  
3   147  -6.00   8.57    159  3  
0   001  5.00    -999.00 159  4  
2   135  -15.50  3.71    159  5  
3   142  -1.80   4.22    159  6  
3   108  5.00    7.84    159  7  
3   147  8.00    11.53   159  8  
2   144  -3.60   2.08    159  9  
0   001  -5.00   -999.00 159  10 
0   001  -10.00  -999.00 159  11 
0   001  -5.00   -999.00 159  12 
1   136  16.30   0.00    158  1  
0   001  5.00    -999.00 158  2  
3   147  -6.00   8.57    158  3  
0   001  5.00    -999.00 158  4  
2   135  -15.50  3.71    158  5  
3   142  -1.80   4.22    158  6  
3   108  5.00    7.84    158  7  
3   147  8.00    11.53   158  8  
2   144  -3.60   2.08    158  9  
0   001  -5.00   -999.00 158  10 
0   001  -10.00  -999.00 158  11 
0   001  -5.00   -999.00 158  12 
1   136  16.30   0.00    157  1  
0   001  5.00    -999.00 157  2  
3   147  -6.00   8.57    157  3  
0   001  5.00    -999.00 157  4  
2   135  -15.50  3.71    157  5  
3   142  -1.80   4.22    157  6  
3   108  5.00    7.84    157  7  
3   147  8.00    11.53   157  8  
2   144  -3.60   2.08    157  9  
0   001  -5.00   -999.00 157  10 
0   001  -10.00  -999.00 157  11 
0   001  -5.00   -999.00 157  12 
1   136  16.30   0.00    156  1  
0   001  5.00    -999.00 156  2  
3   147  -6.00   8.57    156  3  
0   001  5.00    -999.00 156  4  
2   135  -15.50  3.71    156  5  
4   142  -4.30   4.37    156  6  
3   108  5.00    7.84    156  7  
3   147  8.00    11.53   156  8  
2   144  -3.60   2.08    156  9  
0   001  -5.00   -999.00 156  10 
0   001  -10.00  -999.00 156  11 
0   001  -5.00   -999.00 156  12 
1   136  16.30   0.00    155  1  
0   001  5.00    -999.00 155  2  
3   147  -6.00   8.57    155  3  
0   001  5.00    -999.00 155  4  
2   135  -15.50  3.71    155  5  
4   142  -4.30   4.37    155  6  
3   108  5.00    7.84    155  7  
3   147  8.00    11.53   155  8  
2   144  -3.60   2.08    155  9  
0   001  -5.00   -999.00 155  10 
0   001  -10.00  -999.00 155  11 
0   001  -5.00   -999.00 155  12 
1   136  16.30   0.00    154  1  
0   001  5.00    -999.00 154  2  
3   147  -6.00   8.57    154  3  
0   001  5.00    -999.00 154  4  
2   135  -15.50  3.71    154  5  
4   142  -4.30   4.37    154  6  
3   108  5.00    7.84    154  7  
3   147  8.00    11.53   154  8  
2   144  -3.60   2.08    154  9  
0   001  -5.00   -999.00 154  10 
0   001  -10.00  -999.00 154  11 
0   001  -5.00   -999.00 154  12 
1   136  16.30   0.00    153  1  
0   001  5.00    -999.00 153  2  
3   147  -6.00   8.57    153  3  
0   001  5.00    -999.00 153  4  
2   135  -15.50  3.71    153  5  
4   142  -4.30   4.37    153  6  
3   108  5.00    7.84    153  7  
3   147  8.00    11.53   153  8  
2   144  -3.60   2.08    153  9  
0   001  -5.00   -999.00 153  10 
0   001  -10.00  -999.00 153  11 
0   001  -5.00   -999.00 153  12 
1   136  16.30   0.00    152  1  
0   001  5.00    -999.00 152  2  
3   147  -6.00   8.57    152  3  
0   001  5.00    -999.00 152  4  
2   135  -15.50  3.71    152  5  
4   142  -4.30   4.37    152  6  
3   108  5.00    7.84    152  7  
3   147  8.00    11.53   152  8  
2   144  -3.60   2.08    152  9  
0   001  -5.00   -999.00 152  10 
0   001  -10.00  -999.00 152  11 
0   001  -5.00   -999.00 152  12 
1   136  16.30   0.00    151  1  
0   001  5.00    -999.00 151  2  
3   147  -6.00   8.57    151  3  
0   001  5.00    -999.00 151  4  
2   135  -15.50  3.71    151  5  
5   142  -1.80   4.53    151  6  
3   108  5.00    7.84    151  7  
3   147  8.00    11.53   151  8  
2   144  -3.60   2.08    151  9  
0   001  -5.00   -999.00 151  10 
0   001  -10.00  -999.00 151  11 
0   001  -5.00   -999.00 151  12 
1   136  16.30   0.00    150  1  
0   001  5.00    -999.00 150  2  
3   147  -6.00   8.57    150  3  
0   001  5.00    -999.00 150  4  
2   135  -15.50  3.71    150  5  
5   142  -1.80   4.53    150  6  
3   108  5.00    7.84    150  7  
3   147  8.00    11.53   150  8  
2   144  -3.60   2.08    150  9  
0   001  -5.00   -999.00 150  10 
0   001  -10.00  -999.00 150  11 
0   001  -5.00   -999.00 150  12 
1   136  16.30   0.00    149  1  
0   001  5.00    -999.00 149  2  
3   147  -6.00   8.57    149  3  
0   001  5.00    -999.00 149  4  
2   135  -15.50  3.71    149  5  
5   142  -1.80   4.53    149  6  
3   108  5.00    7.84    149  7  
3   147  8.00    11.53   149  8  
2   144  -3.60   2.08    149  9  
0   001  -5.00   -999.00 149  10 
0   001  -10.00  -999.00 149  11 
0   001  -5.00   -999.00 149  12 
1   136  16.30   0.00    148  1  
0   001  5.00    -999.00 148  2  
3   147  -6.00   8.57    148  3  
0   001  5.00    -999.00 148  4  
2   135  -15.50  3.71    148  5  
5   142  -1.80   4.53    148  6  
3   108  5.00    7.84    148  7  
3   147  8.00    11.53   148  8  
2   144  -3.60   2.08    148  9  
0   001  -5.00   -999.00 148  10 
0   001  -10.00  -999.00 148  11 
0   001  -5.00   -999.00 148  12 
1   136  16.30   0.00    147  1  
0   001  5.00    -999.00 147  2  
3   147  -6.00   8.57    147  3  
0   001  5.00    -999.00 147  4  
2   135  -15.50  3.71    147  5  
5   142  -1.80   4.53    147  6  
3   108  5.00    7.84    147  7  
3   147  8.00    11.53   147  8  
2   144  -3.60   2.08    147  9  
0   001  -5.00   -999.00 147  10 
0   001  -10.00  -999.00 147  11 
0   001  -5.00   -999.00 147  12 
1   136  16.30   0.00    146  1  
0   001  5.00    -999.00 146  2  
3   129  -15.00  12.06   146  3  
0   001  5.00    -999.00 146  4  
2   135  -15.50  3.71    146  5  
5   142  -1.80   4.53    146  6  
3   108  5.00    7.84    146  7  
3   110  -1.00   6.72    146  8  
2   144  -3.60   2.08    146  9  
0   001  -5.00   -999.00 146  10 
0   001  -10.00  -999.00 146  11 
0   001  -5.00   -999.00 146  12 
1   136  16.30   0.00    145  1  
0   001  5.00    -999.00 145  2  
3   129  -15.00  12.06   145  3  
0   001  5.00    -999.00 145  4  
2   135  -15.50  3.71    145  5  
5   142  -1.80   4.53    145  6  
3   108  5.00    7.84    145  7  
3   110  -1.00   6.72    145  8  
2   144  -3.60   2.08    145  9  
0   001  -5.00   -999.00 145  10 
0   001  -10.00  -999.00 145  11 
0   001  -5.00   -999.00 145  12 
1   136  16.30   0.00    144  1  
0   001  5.00    -999.00 144  2  
3   129  -15.00  12.06   144  3  
0   001  5.00    -999.00 144  4  
2   135  -15.50  3.71    144  5  
5   142  -1.80   4.53    144  6  
3   108  5.00    7.84    144  7  
3   110  -1.00   6.72    144  8  
2   144  -3.60   2.08    144  9  
0   001  -5.00   -999.00 144  10 
0   001  -10.00  -999.00 144  11 
0   001  -5.00   -999.00 144  12 
1   136  16.30   0.00    143  1  
0   001  5.00    -999.00 143  2  
3   129  -15.00  12.06   143  3  
0   001  5.00    -999.00 143  4  
2   135  -15.50  3.71    143  5  
5   142  -1.80   4.53    143  6  
3   108  5.00    7.84    143  7  
3   110  -1.00   6.72    143  8  
1   133  -5.00   0.00    143  9  
0   001  -5.00   -999.00 143  10 
0   001  -10.00  -999.00 143  11 
0   001  -5.00   -999.00 143  12 
1   136  16.30   0.00    142  1  
0   001  5.00    -999.00 142  2  
3   129  -15.00  12.06   142  3  
0   001  5.00    -999.00 142  4  
2   135  -15.50  3.71    142  5  
5   142  -1.80   4.53    142  6  
3   108  5.00    7.84    142  7  
3   110  -1.00   6.72    142  8  
1   133  -5.00   0.00    142  9  
0   001  -5.00   -999.00 142  10 
0   001  -10.00  -999.00 142  11 
0   001  -5.00   -999.00 142  12 
1   136  16.30   0.00    141  1  
0   001  5.00    -999.00 141  2  
3   129  -15.00  12.06   141  3  
0   001  5.00    -999.00 141  4  
2   135  -15.50  3.71    141  5  
4   140  -3.90   5.04    141  6  
3   108  5.00    7.84    141  7  
3   110  -1.00   6.72    141  8  
1   133  -5.00   0.00    141  9  
0   001  -5.00   -999.00 141  10 
0   001  -10.00  -999.00 141  11 
0   001  -5.00   -999.00 141  12 
1   136  16.30   0.00    140  1  
0   001  5.00    -999.00 140  2  
3   129  -15.00  12.06   140  3  
0   001  5.00    -999.00 140  4  
2   135  -15.50  3.71    140  5  
4   140  -3.90   5.04    140  6  
3   108  5.00    7.84    140  7  
3   110  -1.00   6.72    140  8  
1   133  -5.00   0.00    140  9  
0   001  -5.00   -999.00 140  10 
0   001  -10.00  -999.00 140  11 
0   001  -5.00   -999.00 140  12 
1   136  16.30   0.00    139  1  
0   001  5.00    -999.00 139  2  
3   129  -15.00  12.06   139  3  
0   001  5.00    -999.00 139  4  
2   135  -15.50  3.71    139  5  
3   136  -1.00   4.15    139  6  
3   108  5.00    7.84    139  7  
3   110  -1.00   6.72    139  8  
1   133  -5.00   0.00    139  9  
0   001  -5.00   -999.00 139  10 
0   001  -10.00  -999.00 139  11 
0   001  -5.00   -999.00 139  12 
1   136  16.30   0.00    138  1  
0   001  5.00    -999.00 138  2  
3   129  -15.00  12.06   138  3  
0   001  5.00    -999.00 138  4  
2   135  -15.50  3.71    138  5  
3   136  -1.00   4.15    138  6  
3   108  5.00    7.84    138  7  
3   110  -1.00   6.72    138  8  
1   133  -5.00   0.00    138  9  
0   001  -5.00   -999.00 138  10 
0   001  -10.00  -999.00 138  11 
0   001  -5.00   -999.00 138  12 
1   136  16.30   0.00    137  1  
0   001  5.00    -999.00 137  2  
3   129  -15.00  12.06   137  3  
0   001  5.00    -999.00 137  4  
2   135  -15.50  3.71    137  5  
3   136  -1.00   4.15    137  6  
3   108  5.00    7.84    137  7  
3   110  -1.00   6.72    137  8  
1   133  -5.00   0.00    137  9  
0   001  -5.00   -999.00 137  10 
0   001  -10.00  -999.00 137  11 
0   001  -5.00   -999.00 137  12 
1   136  16.30   0.00    136  1  
0   001  5.00    -999.00 136  2  
3   129  -15.00  12.06   136  3  
0   001  5.00    -999.00 136  4  
2   135  -15.50  3.71    136  5  
3   136  -1.00   4.15    136  6  
3   108  5.00    7.84    136  7  
3   110  -1.00   6.72    136  8  
1   133  -5.00   0.00    136  9  
0   001  -5.00   -999.00 136  10 
0   001  -10.00  -999.00 136  11 
0   001  -5.00   -999.00 136  12 
0   001  5.00    -999.00 135  1  
0   001  5.00    -999.00 135  2  
3   129  -15.00  12.06   135  3  
0   001  5.00    -999.00 135  4  
2   135  -15.50  3.71    135  5  
3   129  -1.50   3.99    135  6  
3   108  5.00    7.84    135  7  
3   110  -1.00   6.72    135  8  
1   133  -5.00   0.00    135  9  
0   001  -5.00   -999.00 135  10 
0   001  -10.00  -999.00 135  11 
0   001  -5.00   -999.00 135  12 
0   001  5.00    -999.00 134  1  
0   001  5.00    -999.00 134  2  
3   129  -15.00  12.06   134  3  
0   001  5.00    -999.00 134  4  
1   118  -18.00  0.00    134  5  
3   129  -1.50   3.99    134  6  
3   108  5.00    7.84    134  7  
3   110  -1.00   6.72    134  8  
1   133  -5.00   0.00    134  9  
0   001  -5.00   -999.00 134  10 
0   001  -10.00  -999.00 134  11 
0   001  -5.00   -999.00 134  12 
0   001  5.00    -999.00 133  1  
0   001  5.00    -999.00 133  2  
3   129  -15.00  12.06   133  3  
0   001  5.00    -999.00 133  4  
1   118  -18.00  0.00    133  5  
3   129  -1.50   3.99    133  6  
3   108  5.00    7.84    133  7  
3   110  -1.00   6.72    133  8  
1   133  -5.00   0.00    133  9  
0   001  -5.00   -999.00 133  10 
0   001  -10.00  -999.00 133  11 
0   001  -5.00   -999.00 133  12 
0   001  5.00    -999.00 132  1  
0   001  5.00    -999.00 132  2  
3   129  -15.00  12.06   132  3  
0   001  5.00    -999.00 132  4  
1   118  -18.00  0.00    132  5  
3   129  -1.50   3.99    132  6  
3   108  5.00    7.84    132  7  
3   110  -1.00   6.72    132  8  
0   001  -5.00   -999.00 132  9  
0   001  -5.00   -999.00 132  10 
0   001  -10.00  -999.00 132  11 
0   001  -5.00   -999.00 132  12 
0   001  5.00    -999.00 131  1  
0   001  5.00    -999.00 131  2  
3   129  -15.00  12.06   131  3  
0   001  5.00    -999.00 131  4  
1   118  -18.00  0.00    131  5  
3   129  -1.50   3.99    131  6  
3   108  5.00    7.84    131  7  
3   110  -1.00   6.72    131  8  
0   001  -5.00   -999.00 131  9  
0   001  -5.00   -999.00 131  10 
0   001  -10.00  -999.00 131  11 
0   001  -5.00   -999.00 131  12 
0   001  5.00    -999.00 130  1  
0   001  5.00    -999.00 130  2  
3   129  -15.00  12.06   130  3  
0   001  5.00    -999.00 130  4  
1   118  -18.00  0.00    130  5  
3   129  -1.50   3.99    130  6  
3   108  5.00    7.84    130  7  
3   110  -1.00   6.72    130  8  
0   001  -5.00   -999.00 130  9  
0   001  -5.00   -999.00 130  10 
0   001  -10.00  -999.00 130  11 
0   001  -5.00   -999.00 130  12 
0   001  5.00    -999.00 129  1  
0   001  5.00    -999.00 129  2  
3   129  -15.00  12.06   129  3  
0   001  5.00    -999.00 129  4  
1   118  -18.00  0.00    129  5  
3   129  -1.50   3.99    129  6  
3   108  5.00    7.84    129  7  
3   110  -1.00   6.72    129  8  
0   001  -5.00   -999.00 129  9  
0   001  -5.00   -999.00 129  10 
0   001  -10.00  -999.00 129  11 
0   001  -5.00   -999.00 129  12 
0   001  5.00    -999.00 128  1  
0   001  5.00    -999.00 128  2  
3   078  -17.00  1.52    128  3  
0   001  5.00    -999.00 128  4  
1   118  -18.00  0.00    128  5  
3   124  -1.50   3.99    128  6  
3   108  5.00    7.84    128  7  
3   110  -1.00   6.72    128  8  
0   001  -5.00   -999.00 128  9  
0   001  -5.00   -999.00 128  10 
0   001  -10.00  -999.00 128  11 
0   001  -5.00   -999.00 128  12 
0   001  5.00    -999.00 127  1  
0   001  5.00    -999.00 127  2  
3   078  -17.00  1.52    127  3  
0   001  5.00    -999.00 127  4  
1   118  -18.00  0.00    127  5  
3   124  -1.50   3.99    127  6  
3   108  5.00    7.84    127  7  
3   110  -1.00   6.72    127  8  
0   001  -5.00   -999.00 127  9  
0   001  -5.00   -999.00 127  10 
0   001  -10.00  -999.00 127  11 
0   001  -5.00   -999.00 127  12 
0   001  5.00    -999.00 126  1  
0   001  5.00    -999.00 126  2  
3   078  -17.00  1.52    126  3  
0   001  5.00    -999.00 126  4  
1   118  -18.00  0.00    126  5  
3   124  -1.50   3.99    126  6  
3   108  5.00    7.84    126  7  
3   110  -1.00   6.72    126  8  
0   001  -5.00   -999.00 126  9  
0   001  -5.00   -999.00 126  10 
0   001  -10.00  -999.00 126  11 
0   001  -5.00   -999.00 126  12 
0   001  5.00    -999.00 125  1  
0   001  5.00    -999.00 125  2  
3   078  -17.00  1.52    125  3  
0   001  5.00    -999.00 125  4  
1   118  -18.00  0.00    125  5  
3   124  -1.50   3.99    125  6  
3   108  5.00    7.84    125  7  
3   110  -1.00   6.72    125  8  
0   001  -5.00   -999.00 125  9  
0   001  -5.00   -999.00 125  10 
0   001  -10.00  -999.00 125  11 
0   001  -5.00   -999.00 125  12 
0   001  5.00    -999.00 124  1  
0   001  5.00    -999.00 124  2  
3   078  -17.00  1.52    124  3  
0   001  5.00    -999.00 124  4  
1   118  -18.00  0.00    124  5  
3   124  -1.50   3.99    124  6  
3   108  5.00    7.84    124  7  
3   110  -1.00   6.72    124  8  
0   001  -5.00   -999.00 124  9  
0   001  -5.00   -999.00 124  10 
0   001  -10.00  -999.00 124  11 
0   001  -5.00   -999.00 124  12 
0   001  5.00    -999.00 123  1  
0   001  5.00    -999.00 123  2  
3   078  -17.00  1.52    123  3  
0   001  5.00    -999.00 123  4  
1   118  -18.00  0.00    123  5  
2   094  -4.15   3.93    123  6  
3   108  5.00    7.84    123  7  
3   110  -1.00   6.72    123  8  
0   001  -5.00   -999.00 123  9  
0   001  -5.00   -999.00 123  10 
0   001  -10.00  -999.00 123  11 
0   001  -5.00   -999.00 123  12 
0   001  5.00    -999.00 122  1  
0   001  5.00    -999.00 122  2  
3   078  -17.00  1.52    122  3  
0   001  5.00    -999.00 122  4  
1   118  -18.00  0.00    122  5  
2   094  -4.15   3.93    122  6  
3   108  5.00    7.84    122  7  
3   110  -1.00   6.72    122  8  
0   001  -5.00   -999.00 122  9  
0   001  -5.00   -999.00 122  10 
0   001  -10.00  -999.00 122  11 
0   001  -5.00   -999.00 122  12 
0   001  5.00    -999.00 121  1  
0   001  5.00    -999.00 121  2  
3   078  -17.00  1.52    121  3  
0   001  5.00    -999.00 121  4  
1   118  -18.00  0.00    121  5  
2   094  -4.15   3.93    121  6  
3   108  5.00    7.84    121  7  
3   110  -1.00   6.72    121  8  
0   001  -5.00   -999.00 121  9  
0   001  -5.00   -999.00 121  10 
0   001  -10.00  -999.00 121  11 
0   001  -5.00   -999.00 121  12 
0   001  5.00    -999.00 120  1  
0   001  5.00    -999.00 120  2  
3   078  -17.00  1.52    120  3  
0   001  5.00    -999.00 120  4  
1   118  -18.00  0.00    120  5  
2   094  -4.15   3.93    120  6  
3   108  5.00    7.84    120  7  
3   110  -1.00   6.72    120  8  
0   001  -5.00   -999.00 120  9  
0   001  -5.00   -999.00 120  10 
0   001  -10.00  -999.00 120  11 
0   001  -5.00   -999.00 120  12 
0   001  5.00    -999.00 119  1  
0   001  5.00    -999.00 119  2  
3   078  -17.00  1.52    119  3  
0   001  5.00    -999.00 119  4  
1   118  -18.00  0.00    119  5  
2   094  -4.15   3.93    119  6  
3   108  5.00    7.84    119  7  
3   110  -1.00   6.72    119  8  
0   001  -5.00   -999.00 119  9  
0   001  -5.00   -999.00 119  10 
0   001  -10.00  -999.00 119  11 
0   001  -5.00   -999.00 119  12 
0   001  5.00    -999.00 118  1  
0   001  5.00    -999.00 118  2  
3   078  -17.00  1.52    118  3  
0   001  5.00    -999.00 118  4  
1   118  -18.00  0.00    118  5  
2   094  -4.15   3.93    118  6  
3   108  5.00    7.84    118  7  
3   110  -1.00   6.72    118  8  
0   001  -5.00   -999.00 118  9  
0   001  -5.00   -999.00 118  10 
0   001  -10.00  -999.00 118  11 
0   001  -5.00   -999.00 118  12 
0   001  5.00    -999.00 117  1  
0   001  5.00    -999.00 117  2  
3   078  -17.00  1.52    117  3  
0   001  5.00    -999.00 117  4  
0   001  -5.00   -999.00 117  5  
2   094  -4.15   3.93    117  6  
3   108  5.00    7.84    117  7  
3   110  -1.00   6.72    117  8  
0   001  -5.00   -999.00 117  9  
0   001  -5.00   -999.00 117  10 
0   001  -10.00  -999.00 117  11 
0   001  -5.00   -999.00 117  12 
0   001  5.00    -999.00 116  1  
0   001  5.00    -999.00 116  2  
3   078  -17.00  1.52    116  3  
0   001  5.00    -999.00 116  4  
0   001  -5.00   -999.00 116  5  
2   094  -4.15   3.93    116  6  
3   108  5.00    7.84    116  7  
3   110  -1.00   6.72    116  8  
0   001  -5.00   -999.00 116  9  
0   001  -5.00   -999.00 116  10 
0   001  -10.00  -999.00 116  11 
0   001  -5.00   -999.00 116  12 
0   001  5.00    -999.00 115  1  
0   001  5.00    -999.00 115  2  
3   078  -17.00  1.52    115  3  
0   001  5.00    -999.00 115  4  
0   001  -5.00   -999.00 115  5  
2   094  -4.15   3.93    115  6  
3   108  5.00    7.84    115  7  
3   110  -1.00   6.72    115  8  
0   001  -5.00   -999.00 115  9  
0   001  -5.00   -999.00 115  10 
0   001  -10.00  -999.00 115  11 
0   001  -5.00   -999.00 115  12 
0   001  5.00    -999.00 114  1  
0   001  5.00    -999.00 114  2  
3   078  -17.00  1.52    114  3  
0   001  5.00    -999.00 114  4  
0   001  -5.00   -999.00 114  5  
2   094  -4.15   3.93    114  6  
3   108  5.00    7.84    114  7  
3   110  -1.00   6.72    114  8  
0   001  -5.00   -999.00 114  9  
0   001  -5.00   -999.00 114  10 
0   001  -10.00  -999.00 114  11 
0   001  -5.00   -999.00 114  12 
0   001  5.00    -999.00 113  1  
0   001  5.00    -999.00 113  2  
3   078  -17.00  1.52    113  3  
0   001  5.00    -999.00 113  4  
0   001  -5.00   -999.00 113  5  
2   094  -4.15   3.93    113  6  
3   108  5.00    7.84    113  7  
3   110  -1.00   6.72    113  8  
0   001  -5.00   -999.00 113  9  
0   001  -5.00   -999.00 113  10 
0   001  -10.00  -999.00 113  11 
0   001  -5.00   -999.00 113  12 
0   001  5.00    -999.00 112  1  
0   001  5.00    -999.00 112  2  
3   078  -17.00  1.52    112  3  
0   001  5.00    -999.00 112  4  
0   001  -5.00   -999.00 112  5  
2   094  -4.15   3.93    112  6  
3   108  5.00    7.84    112  7  
3   110  -1.00   6.72    112  8  
0   001  -5.00   -999.00 112  9  
0   001  -5.00   -999.00 112  10 
0   001  -10.00  -999.00 112  11 
0   001  -5.00   -999.00 112  12 
0   001  5.00    -999.00 111  1  
0   001  5.00    -999.00 111  2  
3   078  -17.00  1.52    111  3  
0   001  5.00    -999.00 111  4  
0   001  -5.00   -999.00 111  5  
2   094  -4.15   3.93    111  6  
3   108  5.00    7.84    111  7  
3   110  -1.00   6.72    111  8  
0   001  -5.00   -999.00 111  9  
0   001  -5.00   -999.00 111  10 
0   001  -10.00  -999.00 111  11 
0   001  -5.00   -999.00 111  12 
0   001  5.00    -999.00 110  1  
0   001  5.00    -999.00 110  2  
3   078  -17.00  1.52    110  3  
0   001  5.00    -999.00 110  4  
0   001  -5.00   -999.00 110  5  
2   094  -4.15   3.93    110  6  
3   108  5.00    7.84    110  7  
4   110  -2.20   6.49    110  8  
0   001  -5.00   -999.00 110  9  
0   001  -5.00   -999.00 110  10 
0   001  -10.00  -999.00 110  11 
0   001  -5.00   -999.00 110  12 
0   001  5.00    -999.00 109  1  
0   001  5.00    -999.00 109  2  
3   078  -17.00  1.52    109  3  
0   001  5.00    -999.00 109  4  
0   001  -5.00   -999.00 109  5  
2   094  -4.15   3.93    109  6  
3   108  5.00    7.84    109  7  
3   099  -3.40   8.57    109  8  
0   001  -5.00   -999.00 109  9  
0   001  -5.00   -999.00 109  10 
0   001  -10.00  -999.00 109  11 
0   001  -5.00   -999.00 109  12 
0   001  5.00    -999.00 108  1  
0   001  5.00    -999.00 108  2  
3   078  -17.00  1.52    108  3  
0   001  5.00    -999.00 108  4  
0   001  -5.00   -999.00 108  5  
2   094  -4.15   3.93    108  6  
3   108  5.00    7.84    108  7  
3   099  -3.40   8.57    108  8  
0   001  -5.00   -999.00 108  9  
0   001  -5.00   -999.00 108  10 
0   001  -10.00  -999.00 108  11 
0   001  -5.00   -999.00 108  12 
0   001  5.00    -999.00 107  1  
0   001  5.00    -999.00 107  2  
3   078  -17.00  1.52    107  3  
0   001  5.00    -999.00 107  4  
0   001  -5.00   -999.00 107  5  
2   094  -4.15   3.93    107  6  
2   098  9.95    7.34    107  7  
3   099  -3.40   8.57    107  8  
0   001  -5.00   -999.00 107  9  
0   001  -5.00   -999.00 107  10 
0   001  -10.00  -999.00 107  11 
0   001  -5.00   -999.00 107  12 
0   001  5.00    -999.00 106  1  
0   001  5.00    -999.00 106  2  
3   078  -17.00  1.52    106  3  
0   001  5.00    -999.00 106  4  
0   001  -5.00   -999.00 106  5  
2   094  -4.15   3.93    106  6  
2   098  9.95    7.34    106  7  
3   099  -3.40   8.57    106  8  
0   001  -5.00   -999.00 106  9  
0   001  -5.00   -999.00 106  10 
0   001  -10.00  -999.00 106  11 
0   001  -5.00   -999.00 106  12 
0   001  5.00    -999.00 105  1  
0   001  5.00    -999.00 105  2  
3   078  -17.00  1.52    105  3  
0   001  5.00    -999.00 105  4  
0   001  -5.00   -999.00 105  5  
2   094  -4.15   3.93    105  6  
2   098  9.95    7.34    105  7  
3   099  -3.40   8.57    105  8  
0   001  -5.00   -999.00 105  9  
0   001  -5.00   -999.00 105  10 
0   001  -10.00  -999.00 105  11 
0   001  -5.00   -999.00 105  12 
0   001  5.00    -999.00 104  1  
0   001  5.00    -999.00 104  2  
3   078  -17.00  1.52    104  3  
0   001  5.00    -999.00 104  4  
0   001  -5.00   -999.00 104  5  
2   094  -4.15   3.93    104  6  
2   098  9.95    7.34    104  7  
3   099  -3.40   8.57    104  8  
0   001  -5.00   -999.00 104  9  
0   001  -5.00   -999.00 104  10 
0   001  -10.00  -999.00 104  11 
0   001  -5.00   -999.00 104  12 
0   001  5.00    -999.00 103  1  
0   001  5.00    -999.00 103  2  
3   078  -17.00  1.52    103  3  
0   001  5.00    -999.00 103  4  
0   001  -5.00   -999.00 103  5  
2   094  -4.15   3.93    103  6  
2   098  9.95    7.34    103  7  
3   099  -3.40   8.57    103  8  
0   001  -5.00   -999.00 103  9  
0   001  -5.00   -999.00 103  10 
0   001  -10.00  -999.00 103  11 
0   001  -5.00   -999.00 103  12 
0   001  5.00    -999.00 102  1  
0   001  5.00    -999.00 102  2  
3   078  -17.00  1.52    102  3  
0   001  5.00    -999.00 102  4  
0   001  -5.00   -999.00 102  5  
2   094  -4.15   3.93    102  6  
2   098  9.95    7.34    102  7  
3   099  -3.40   8.57    102  8  
0   001  -5.00   -999.00 102  9  
0   001  -5.00   -999.00 102  10 
0   001  -10.00  -999.00 102  11 
0   001  -5.00   -999.00 102  12 
0   001  5.00    -999.00 101  1  
0   001  5.00    -999.00 101  2  
3   078  -17.00  1.52    101  3  
0   001  5.00    -999.00 101  4  
0   001  -5.00   -999.00 101  5  
2   094  -4.15   3.93    101  6  
2   098  9.95    7.34    101  7  
3   099  -3.40   8.57    101  8  
0   001  -5.00   -999.00 101  9  
0   001  -5.00   -999.00 101  10 
0   001  -10.00  -999.00 101  11 
0   001  -5.00   -999.00 101  12 
0   001  5.00    -999.00 100  1  
0   001  5.00    -999.00 100  2  
3   078  -17.00  1.52    100  3  
0   001  5.00    -999.00 100  4  
0   001  -5.00   -999.00 100  5  
2   094  -4.15   3.93    100  6  
2   098  9.95    7.34    100  7  
3   099  -3.40   8.57    100  8  
0   001  -5.00   -999.00 100  9  
0   001  -5.00   -999.00 100  10 
0   001  -10.00  -999.00 100  11 
0   001  -5.00   -999.00 100  12 
0   001  5.00    -999.00 099  1  
0   001  5.00    -999.00 099  2  
3   078  -17.00  1.52    099  3  
0   001  5.00    -999.00 099  4  
0   001  -5.00   -999.00 099  5  
2   094  -4.15   3.93    099  6  
2   098  9.95    7.34    099  7  
3   099  -3.40   8.57    099  8  
0   001  -5.00   -999.00 099  9  
0   001  -5.00   -999.00 099  10 
0   001  -10.00  -999.00 099  11 
0   001  -5.00   -999.00 099  12 
0   001  5.00    -999.00 098  1  
0   001  5.00    -999.00 098  2  
3   078  -17.00  1.52    098  3  
0   001  5.00    -999.00 098  4  
0   001  -5.00   -999.00 098  5  
2   094  -4.15   3.93    098  6  
2   098  9.95    7.34    098  7  
3   096  -3.40   9.23    098  8  
0   001  -5.00   -999.00 098  9  
0   001  -5.00   -999.00 098  10 
0   001  -10.00  -999.00 098  11 
0   001  -5.00   -999.00 098  12 
0   001  5.00    -999.00 097  1  
0   001  5.00    -999.00 097  2  
3   078  -17.00  1.52    097  3  
0   001  5.00    -999.00 097  4  
0   001  -5.00   -999.00 097  5  
2   094  -4.15   3.93    097  6  
1   083  5.00    0.00    097  7  
3   096  -3.40   9.23    097  8  
0   001  -5.00   -999.00 097  9  
0   001  -5.00   -999.00 097  10 
0   001  -10.00  -999.00 097  11 
0   001  -5.00   -999.00 097  12 
0   001  5.00    -999.00 096  1  
0   001  5.00    -999.00 096  2  
3   078  -17.00  1.52    096  3  
0   001  5.00    -999.00 096  4  
0   001  -5.00   -999.00 096  5  
2   094  -4.15   3.93    096  6  
1   083  5.00    0.00    096  7  
3   096  -3.40   9.23    096  8  
0   001  -5.00   -999.00 096  9  
0   001  -5.00   -999.00 096  10 
0   001  -10.00  -999.00 096  11 
0   001  -5.00   -999.00 096  12 
0   001  5.00    -999.00 095  1  
0   001  5.00    -999.00 095  2  
3   078  -17.00  1.52    095  3  
0   001  5.00    -999.00 095  4  
0   001  -5.00   -999.00 095  5  
2   094  -4.15   3.93    095  6  
1   083  5.00    0.00    095  7  
2   083  1.20    11.56   095  8  
0   001  -5.00   -999.00 095  9  
0   001  -5.00   -999.00 095  10 
0   001  -10.00  -999.00 095  11 
0   001  -5.00   -999.00 095  12 
0   001  5.00    -999.00 094  1  
0   001  5.00    -999.00 094  2  
3   078  -17.00  1.52    094  3  
0   001  5.00    -999.00 094  4  
0   001  -5.00   -999.00 094  5  
2   094  -4.15   3.93    094  6  
1   083  5.00    0.00    094  7  
2   083  1.20    11.56   094  8  
0   001  -5.00   -999.00 094  9  
0   001  -5.00   -999.00 094  10 
0   001  -10.00  -999.00 094  11 
0   001  -5.00   -999.00 094  12 
0   001  5.00    -999.00 093  1  
0   001  5.00    -999.00 093  2  
3   078  -17.00  1.52    093  3  
0   001  5.00    -999.00 093  4  
0   001  -5.00   -999.00 093  5  
1   090  -1.50   0.00    093  6  
1   083  5.00    0.00    093  7  
2   083  1.20    11.56   093  8  
0   001  -5.00   -999.00 093  9  
0   001  -5.00   -999.00 093  10 
0   001  -10.00  -999.00 093  11 
0   001  -5.00   -999.00 093  12 
0   001  5.00    -999.00 092  1  
0   001  5.00    -999.00 092  2  
3   078  -17.00  1.52    092  3  
0   001  5.00    -999.00 092  4  
0   001  -5.00   -999.00 092  5  
1   090  -1.50   0.00    092  6  
1   083  5.00    0.00    092  7  
2   083  1.20    11.56   092  8  
0   001  -5.00   -999.00 092  9  
0   001  -5.00   -999.00 092  10 
0   001  -10.00  -999.00 092  11 
0   001  -5.00   -999.00 092  12 
0   001  5.00    -999.00 091  1  
0   001  5.00    -999.00 091  2  
3   078  -17.00  1.52    091  3  
0   001  5.00    -999.00 091  4  
0   001  -5.00   -999.00 091  5  
1   090  -1.50   0.00    091  6  
1   083  5.00    0.00    091  7  
2   083  1.20    11.56   091  8  
0   001  -5.00   -999.00 091  9  
0   001  -5.00   -999.00 091  10 
0   001  -10.00  -999.00 091  11 
0   001  -5.00   -999.00 091  12 
0   001  5.00    -999.00 090  1  
0   001  5.00    -999.00 090  2  
3   078  -17.00  1.52    090  3  
0   001  5.00    -999.00 090  4  
0   001  -5.00   -999.00 090  5  
1   090  -1.50   0.00    090  6  
1   083  5.00    0.00    090  7  
2   083  1.20    11.56   090  8  
0   001  -5.00   -999.00 090  9  
0   001  -5.00   -999.00 090  10 
0   001  -10.00  -999.00 090  11 
0   001  -5.00   -999.00 090  12 
0   001  5.00    -999.00 089  1  
0   001  5.00    -999.00 089  2  
3   078  -17.00  1.52    089  3  
0   001  5.00    -999.00 089  4  
0   001  -5.00   -999.00 089  5  
0   001  -5.00   -999.00 089  6  
1   083  5.00    0.00    089  7  
2   083  1.20    11.56   089  8  
0   001  -5.00   -999.00 089  9  
0   001  -5.00   -999.00 089  10 
0   001  -10.00  -999.00 089  11 
0   001  -5.00   -999.00 089  12 
0   001  5.00    -999.00 088  1  
0   001  5.00    -999.00 088  2  
3   078  -17.00  1.52    088  3  
0   001  5.00    -999.00 088  4  
0   001  -5.00   -999.00 088  5  
0   001  -5.00   -999.00 088  6  
1   083  5.00    0.00    088  7  
2   083  1.20    11.56   088  8  
0   001  -5.00   -999.00 088  9  
0   001  -5.00   -999.00 088  10 
0   001  -10.00  -999.00 088  11 
0   001  -5.00   -999.00 088  12 
0   001  5.00    -999.00 087  1  
0   001  5.00    -999.00 087  2  
3   078  -17.00  1.52    087  3  
0   001  5.00    -999.00 087  4  
0   001  -5.00   -999.00 087  5  
0   001  -5.00   -999.00 087  6  
1   083  5.00    0.00    087  7  
2   083  1.20    11.56   087  8  
0   001  -5.00   -999.00 087  9  
0   001  -5.00   -999.00 087  10 
0   001  -10.00  -999.00 087  11 
0   001  -5.00   -999.00 087  12 
0   001  5.00    -999.00 086  1  
0   001  5.00    -999.00 086  2  
3   078  -17.00  1.52    086  3  
0   001  5.00    -999.00 086  4  
0   001  -5.00   -999.00 086  5  
0   001  -5.00   -999.00 086  6  
1   083  5.00    0.00    086  7  
2   083  1.20    11.56   086  8  
0   001  -5.00   -999.00 086  9  
0   001  -5.00   -999.00 086  10 
0   001  -10.00  -999.00 086  11 
0   001  -5.00   -999.00 086  12 
0   001  5.00    -999.00 085  1  
0   001  5.00    -999.00 085  2  
3   078  -17.00  1.52    085  3  
0   001  5.00    -999.00 085  4  
0   001  -5.00   -999.00 085  5  
0   001  -5.00   -999.00 085  6  
1   083  5.00    0.00    085  7  
2   083  1.20    11.56   085  8  
0   001  -5.00   -999.00 085  9  
0   001  -5.00   -999.00 085  10 
0   001  -10.00  -999.00 085  11 
0   001  -5.00   -999.00 085  12 
0   001  5.00    -999.00 084  1  
0   001  5.00    -999.00 084  2  
3   078  -17.00  1.52    084  3  
0   001  5.00    -999.00 084  4  
0   001  -5.00   -999.00 084  5  
0   001  -5.00   -999.00 084  6  
1   083  5.00    0.00    084  7  
2   083  1.20    11.56   084  8  
0   001  -5.00   -999.00 084  9  
0   001  -5.00   -999.00 084  10 
0   001  -10.00  -999.00 084  11 
0   001  -5.00   -999.00 084  12 
0   001  5.00    -999.00 083  1  
0   001  5.00    -999.00 083  2  
3   078  -17.00  1.52    083  3  
0   001  5.00    -999.00 083  4  
0   001  -5.00   -999.00 083  5  
0   001  -5.00   -999.00 083  6  
1   083  5.00    0.00    083  7  
2   083  1.20    11.56   083  8  
0   001  -5.00   -999.00 083  9  
0   001  -5.00   -999.00 083  10 
0   001  -10.00  -999.00 083  11 
0   001  -5.00   -999.00 083  12 
0   001  5.00    -999.00 082  1  
0   001  5.00    -999.00 082  2  
3   078  -17.00  1.52    082  3  
0   001  5.00    -999.00 082  4  
0   001  -5.00   -999.00 082  5  
0   001  -5.00   -999.00 082  6  
1   012  7.00    0.00    082  7  
1   026  9.00    0.00    082  8  
0   001  -5.00   -999.00 082  9  
0   001  -5.00   -999.00 082  10 
0   001  -10.00  -999.00 082  11 
0   001  -5.00   -999.00 082  12 
0   001  5.00    -999.00 081  1  
0   001  5.00    -999.00 081  2  
3   078  -17.00  1.52    081  3  
0   001  5.00    -999.00 081  4  
0   001  -5.00   -999.00 081  5  
0   001  -5.00   -999.00 081  6  
1   012  7.00    0.00    081  7  
1   026  9.00    0.00    081  8  
0   001  -5.00   -999.00 081  9  
0   001  -5.00   -999.00 081  10 
0   001  -10.00  -999.00 081  11 
0   001  -5.00   -999.00 081  12 
0   001  5.00    -999.00 080  1  
0   001  5.00    -999.00 080  2  
3   078  -17.00  1.52    080  3  
0   001  5.00    -999.00 080  4  
0   001  -5.00   -999.00 080  5  
0   001  -5.00   -999.00 080  6  
1   012  7.00    0.00    080  7  
1   026  9.00    0.00    080  8  
0   001  -5.00   -999.00 080  9  
0   001  -5.00   -999.00 080  10 
0   001  -10.00  -999.00 080  11 
0   001  -5.00   -999.00 080  12 
0   001  5.00    -999.00 079  1  
0   001  5.00    -999.00 079  2  
3   078  -17.00  1.52    079  3  
0   001  5.00    -999.00 079  4  
0   001  -5.00   -999.00 079  5  
0   001  -5.00   -999.00 079  6  
1   012  7.00    0.00    079  7  
1   026  9.00    0.00    079  8  
0   001  -5.00   -999.00 079  9  
0   001  -5.00   -999.00 079  10 
0   001  -10.00  -999.00 079  11 
0   001  -5.00   -999.00 079  12 
0   001  5.00    -999.00 078  1  
0   001  5.00    -999.00 078  2  
4   078  -16.00  2.82    078  3  
0   001  5.00    -999.00 078  4  
0   001  -5.00   -999.00 078  5  
0   001  -5.00   -999.00 078  6  
1   012  7.00    0.00    078  7  
1   026  9.00    0.00    078  8  
0   001  -5.00   -999.00 078  9  
0   001  -5.00   -999.00 078  10 
0   001  -10.00  -999.00 078  11 
0   001  -5.00   -999.00 078  12 
0   001  5.00    -999.00 077  1  
0   001  5.00    -999.00 077  2  
3   071  -17.00  3.49    077  3  
0   001  5.00    -999.00 077  4  
0   001  -5.00   -999.00 077  5  
0   001  -5.00   -999.00 077  6  
1   012  7.00    0.00    077  7  
1   026  9.00    0.00    077  8  
0   001  -5.00   -999.00 077  9  
0   001  -5.00   -999.00 077  10 
0   001  -10.00  -999.00 077  11 
0   001  -5.00   -999.00 077  12 
0   001  5.00    -999.00 076  1  
0   001  5.00    -999.00 076  2  
3   071  -17.00  3.49    076  3  
0   001  5.00    -999.00 076  4  
0   001  -5.00   -999.00 076  5  
0   001  -5.00   -999.00 076  6  
1   012  7.00    0.00    076  7  
1   026  9.00    0.00    076  8  
0   001  -5.00   -999.00 076  9  
0   001  -5.00   -999.00 076  10 
0   001  -10.00  -999.00 076  11 
0   001  -5.00   -999.00 076  12 
0   001  5.00    -999.00 075  1  
0   001  5.00    -999.00 075  2  
3   071  -17.00  3.49    075  3  
0   001  5.00    -999.00 075  4  
0   001  -5.00   -999.00 075  5  
0   001  -5.00   -999.00 075  6  
1   012  7.00    0.00    075  7  
1   026  9.00    0.00    075  8  
0   001  -5.00   -999.00 075  9  
0   001  -5.00   -999.00 075  10 
0   001  -10.00  -999.00 075  11 
0   001  -5.00   -999.00 075  12 
0   001  5.00    -999.00 074  1  
0   001  5.00    -999.00 074  2  
3   071  -17.00  3.49    074  3  
0   001  5.00    -999.00 074  4  
0   001  -5.00   -999.00 074  5  
0   001  -5.00   -999.00 074  6  
1   012  7.00    0.00    074  7  
1   026  9.00    0.00    074  8  
0   001  -5.00   -999.00 074  9  
0   001  -5.00   -999.00 074  10 
0   001  -10.00  -999.00 074  11 
0   001  -5.00   -999.00 074  12 
0   001  5.00    -999.00 073  1  
0   001  5.00    -999.00 073  2  
3   071  -17.00  3.49    073  3  
0   001  5.00    -999.00 073  4  
0   001  -5.00   -999.00 073  5  
0   001  -5.00   -999.00 073  6  
1   012  7.00    0.00    073  7  
1   026  9.00    0.00    073  8  
0   001  -5.00   -999.00 073  9  
0   001  -5.00   -999.00 073  10 
0   001  -10.00  -999.00 073  11 
0   001  -5.00   -999.00 073  12 
0   001  5.00    -999.00 072  1  
0   001  5.00    -999.00 072  2  
3   071  -17.00  3.49    072  3  
0   001  5.00    -999.00 072  4  
0   001  -5.00   -999.00 072  5  
0   001  -5.00   -999.00 072  6  
1   012  7.00    0.00    072  7  
1   026  9.00    0.00    072  8  
0   001  -5.00   -999.00 072  9  
0   001  -5.00   -999.00 072  10 
0   001  -10.00  -999.00 072  11 
0   001  -5.00   -999.00 072  12 
0   001  5.00    -999.00 071  1  
0   001  5.00    -999.00 071  2  
3   071  -17.00  3.49    071  3  
0   001  5.00    -999.00 071  4  
0   001  -5.00   -999.00 071  5  
0   001  -5.00   -999.00 071  6  
1   012  7.00    0.00    071  7  
1   026  9.00    0.00    071  8  
0   001  -5.00   -999.00 071  9  
0   001  -5.00   -999.00 071  10 
0   001  -10.00  -999.00 071  11 
0   001  -5.00   -999.00 071  12 
0   001  5.00    -999.00 070  1  
0   001  5.00    -999.00 070  2  
3   063  -12.00  4.94    070  3  
0   001  5.00    -999.00 070  4  
0   001  -5.00   -999.00 070  5  
0   001  -5.00   -999.00 070  6  
1   012  7.00    0.00    070  7  
1   026  9.00    0.00    070  8  
0   001  -5.00   -999.00 070  9  
0   001  -5.00   -999.00 070  10 
0   001  -10.00  -999.00 070  11 
0   001  -5.00   -999.00 070  12 
0   001  5.00    -999.00 069  1  
0   001  5.00    -999.00 069  2  
3   063  -12.00  4.94    069  3  
0   001  5.00    -999.00 069  4  
0   001  -5.00   -999.00 069  5  
0   001  -5.00   -999.00 069  6  
1   012  7.00    0.00    069  7  
1   026  9.00    0.00    069  8  
0   001  -5.00   -999.00 069  9  
0   001  -5.00   -999.00 069  10 
0   001  -10.00  -999.00 069  11 
0   001  -5.00   -999.00 069  12 
0   001  5.00    -999.00 068  1  
0   001  5.00    -999.00 068  2  
3   063  -12.00  4.94    068  3  
0   001  5.00    -999.00 068  4  
0   001  -5.00   -999.00 068  5  
0   001  -5.00   -999.00 068  6  
1   012  7.00    0.00    068  7  
1   026  9.00    0.00    068  8  
0   001  -5.00   -999.00 068  9  
0   001  -5.00   -999.00 068  10 
0   001  -10.00  -999.00 068  11 
0   001  -5.00   -999.00 068  12 
0   001  5.00    -999.00 067  1  
0   001  5.00    -999.00 067  2  
3   063  -12.00  4.94    067  3  
0   001  5.00    -999.00 067  4  
0   001  -5.00   -999.00 067  5  
0   001  -5.00   -999.00 067  6  
1   012  7.00    0.00    067  7  
1   026  9.00    0.00    067  8  
0   001  -5.00   -999.00 067  9  
0   001  -5.00   -999.00 067  10 
0   001  -10.00  -999.00 067  11 
0   001  -5.00   -999.00 067  12 
0   001  5.00    -999.00 066  1  
0   001  5.00    -999.00 066  2  
3   063  -12.00  4.94    066  3  
0   001  5.00    -999.00 066  4  
0   001  -5.00   -999.00 066  5  
0   001  -5.00   -999.00 066  6  
1   012  7.00    0.00    066  7  
1   026  9.00    0.00    066  8  
0   001  -5.00   -999.00 066  9  
0   001  -5.00   -999.00 066  10 
0   001  -10.00  -999.00 066  11 
0   001  -5.00   -999.00 066  12 
0   001  5.00    -999.00 065  1  
0   001  5.00    -999.00 065  2  
3   063  -12.00  4.94    065  3  
0   001  5.00    -999.00 065  4  
0   001  -5.00   -999.00 065  5  
0   001  -5.00   -999.00 065  6  
1   012  7.00    0.00    065  7  
1   026  9.00    0.00    065  8  
0   001  -5.00   -999.00 065  9  
0   001  -5.00   -999.00 065  10 
0   001  -10.00  -999.00 065  11 
0   001  -5.00   -999.00 065  12 
0   001  5.00    -999.00 064  1  
0   001  5.00    -999.00 064  2  
3   063  -12.00  4.94    064  3  
0   001  5.00    -999.00 064  4  
0   001  -5.00   -999.00 064  5  
0   001  -5.00   -999.00 064  6  
1   012  7.00    0.00    064  7  
1   026  9.00    0.00    064  8  
0   001  -5.00   -999.00 064  9  
0   001  -5.00   -999.00 064  10 
0   001  -10.00  -999.00 064  11 
0   001  -5.00   -999.00 064  12 
0   001  5.00    -999.00 063  1  
0   001  5.00    -999.00 063  2  
3   063  -12.00  4.94    063  3  
0   001  5.00    -999.00 063  4  
0   001  -5.00   -999.00 063  5  
0   001  -5.00   -999.00 063  6  
1   012  7.00    0.00    063  7  
1   026  9.00    0.00    063  8  
0   001  -5.00   -999.00 063  9  
0   001  -5.00   -999.00 063  10 
0   001  -10.00  -999.00 063  11 
0   001  -5.00   -999.00 063  12 
0   001  5.00    -999.00 062  1  
0   001  5.00    -999.00 062  2  
3   051  -7.20   3.23    062  3  
0   001  5.00    -999.00 062  4  
0   001  -5.00   -999.00 062  5  
0   001  -5.00   -999.00 062  6  
1   012  7.00    0.00    062  7  
1   026  9.00    0.00    062  8  
0   001  -5.00   -999.00 062  9  
0   001  -5.00   -999.00 062  10 
0   001  -10.00  -999.00 062  11 
0   001  -5.00   -999.00 062  12 
0   001  5.00    -999.00 061  1  
0   001  5.00    -999.00 061  2  
3   051  -7.20   3.23    061  3  
0   001  5.00    -999.00 061  4  
0   001  -5.00   -999.00 061  5  
0   001  -5.00   -999.00 061  6  
1   012  7.00    0.00    061  7  
1   026  9.00    0.00    061  8  
0   001  -5.00   -999.00 061  9  
0   001  -5.00   -999.00 061  10 
0   001  -10.00  -999.00 061  11 
0   001  -5.00   -999.00 061  12 
