 1  313    1.0  0.0500  59  1
 1   26    6.0  0.0500  59  2
 0  060    0.0  3.0000  59  3
 2  190   -4.0  3.0000  59  4
 0  060    3.0  3.0000  59  5
 1   48   -5.0  0.0500  59  6
 0  060    7.0  3.0000  59  7
 0  060    5.0  3.0000  59  8
 3  292   -5.0  5.1358  59  9
 1  345  -18.0  0.0500  59  10
 1  313    1.0  0.0500  60  1
 1   26    6.0  0.0500  60  2
 0  061    0.0  3.0000  60  3
 2  190   -4.0  3.0000  60  4
 0  061    3.0  3.0000  60  5
 1   48   -5.0  0.0500  60  6
 0  061    7.0  3.0000  60  7
 0  061    5.0  3.0000  60  8
 3  292   -5.0  5.1358  60  9
 1  345  -18.0  0.0500  60  10
 1  313    1.0  0.0500  61  1
 1   26    6.0  0.0500  61  2
 0  062    0.0  3.0000  61  3
 2  190   -4.0  3.0000  61  4
 0  062    3.0  3.0000  61  5
 1   48   -5.0  0.0500  61  6
 0  062    7.0  3.0000  61  7
 0  062    5.0  3.0000  61  8
 3  292   -5.0  5.1358  61  9
 1  345  -18.0  0.0500  61  10
 1  313    1.0  0.0500  62  1
 1   26    6.0  0.0500  62  2
 0  063    0.0  3.0000  62  3
 2  190   -4.0  3.0000  62  4
 0  063    3.0  3.0000  62  5
 1   48   -5.0  0.0500  62  6
 0  063    7.0  3.0000  62  7
 0  063    5.0  3.0000  62  8
 3  292   -5.0  5.1358  62  9
 1  345  -18.0  0.0500  62  10
 1  313    1.0  0.0500  63  1
 1   26    6.0  0.0500  63  2
 0  064    0.0  3.0000  63  3
 2  190   -4.0  3.0000  63  4
 0  064    3.0  3.0000  63  5
 1   48   -5.0  0.0500  63  6
 0  064    7.0  3.0000  63  7
 0  064    5.0  3.0000  63  8
 3  292   -5.0  5.1358  63  9
 1  345  -18.0  0.0500  63  10
 1  313    1.0  0.0500  64  1
 1   26    6.0  0.0500  64  2
 0  065    0.0  3.0000  64  3
 2  190   -4.0  3.0000  64  4
 0  065    3.0  3.0000  64  5
 1   48   -5.0  0.0500  64  6
 0  065    7.0  3.0000  64  7
 0  065    5.0  3.0000  64  8
 3  292   -5.0  5.1358  64  9
 1  345  -18.0  0.0500  64  10
 1  313    1.0  0.0500  65  1
 1   26    6.0  0.0500  65  2
 0  066    0.0  3.0000  65  3
 2  190   -4.0  3.0000  65  4
 0  066    3.0  3.0000  65  5
 1   48   -5.0  0.0500  65  6
 0  066    7.0  3.0000  65  7
 0  066    5.0  3.0000  65  8
 3  292   -5.0  5.1358  65  9
 1  345  -18.0  0.0500  65  10
 1  313    1.0  0.0500  66  1
 2   26    2.0  3.0000  66  2
 0  067    0.0  3.0000  66  3
 2  190   -4.0  3.0000  66  4
 0  067    3.0  3.0000  66  5
 1   48   -5.0  0.0500  66  6
 0  067    7.0  3.0000  66  7
 0  067    5.0  3.0000  66  8
 3  292   -5.0  5.1358  66  9
 1  345  -18.0  0.0500  66  10
 1  313    1.0  0.0500  67  1
 2   26    2.0  3.0000  67  2
 0  068    0.0  3.0000  67  3
 2  190   -4.0  3.0000  67  4
 0  068    3.0  3.0000  67  5
 1   48   -5.0  0.0500  67  6
 0  068    7.0  3.0000  67  7
 0  068    5.0  3.0000  67  8
 3  292   -5.0  5.1358  67  9
 1  345  -18.0  0.0500  67  10
 1  313    1.0  0.0500  68  1
 2   26    2.0  3.0000  68  2
 0  069    0.0  3.0000  68  3
 2  190   -4.0  3.0000  68  4
 0  069    3.0  3.0000  68  5
 1   48   -5.0  0.0500  68  6
 0  069    7.0  3.0000  68  7
 0  069    5.0  3.0000  68  8
 3  292   -5.0  5.1358  68  9
 1  345  -18.0  0.0500  68  10
 1  313    1.0  0.0500  69  1
 2   26    2.0  3.0000  69  2
 0  070    0.0  3.0000  69  3
 2  190   -4.0  3.0000  69  4
 0  070    3.0  3.0000  69  5
 1   48   -5.0  0.0500  69  6
 0  070    7.0  3.0000  69  7
 0  070    5.0  3.0000  69  8
 3  292   -5.0  5.1358  69  9
 1  345  -18.0  0.0500  69  10
 1  313    1.0  0.0500  70  1
 2   26    2.0  3.0000  70  2
 0  071    0.0  3.0000  70  3
 2  190   -4.0  3.0000  70  4
 0  071    3.0  3.0000  70  5
 1   48   -5.0  0.0500  70  6
 0  071    7.0  3.0000  70  7
 0  071    5.0  3.0000  70  8
 3  292   -5.0  5.1358  70  9
 1  345  -18.0  0.0500  70  10
 1  313    1.0  0.0500  71  1
 2   26    2.0  3.0000  71  2
 0  072    0.0  3.0000  71  3
 2  190   -4.0  3.0000  71  4
 0  072    3.0  3.0000  71  5
 1   48   -5.0  0.0500  71  6
 1   69   17.0  0.0500  71  7
 0  072    5.0  3.0000  71  8
 3  292   -5.0  5.1358  71  9
 1  345  -18.0  0.0500  71  10
 1  313    1.0  0.0500  72  1
 3   26   -1.0  0.8560  72  2
 0  073    0.0  3.0000  72  3
 2  190   -4.0  3.0000  72  4
 0  073    3.0  3.0000  72  5
 1   48   -5.0  0.0500  72  6
 1   69   17.0  0.0500  72  7
 0  073    5.0  3.0000  72  8
 3  292   -5.0  5.1358  72  9
 1  345  -18.0  0.0500  72  10
 1  313    1.0  0.0500  73  1
 3   26   -1.0  0.8560  73  2
 0  074    0.0  3.0000  73  3
 2  190   -4.0  3.0000  73  4
 0  074    3.0  3.0000  73  5
 1   48   -5.0  0.0500  73  6
 1   69   17.0  0.0500  73  7
 0  074    5.0  3.0000  73  8
 3  292   -5.0  5.1358  73  9
 1  345  -18.0  0.0500  73  10
 1  313    1.0  0.0500  74  1
 3   26   -1.0  0.8560  74  2
 0  075    0.0  3.0000  74  3
 2  190   -4.0  3.0000  74  4
 0  075    3.0  3.0000  74  5
 1   48   -5.0  0.0500  74  6
 1   69   17.0  0.0500  74  7
 0  075    5.0  3.0000  74  8
 3  292   -5.0  5.1358  74  9
 1  345  -18.0  0.0500  74  10
 2  313    3.0  3.0000  75  1
 3   26   -1.0  0.8560  75  2
 0  076    0.0  3.0000  75  3
 2  190   -4.0  3.0000  75  4
 0  076    3.0  3.0000  75  5
 1   48   -5.0  0.0500  75  6
 1   69   17.0  0.0500  75  7
 0  076    5.0  3.0000  75  8
 3  292   -5.0  5.1358  75  9
 1  345  -18.0  0.0500  75  10
 2  313    3.0  3.0000  76  1
 3   26   -1.0  0.8560  76  2
 0  077    0.0  3.0000  76  3
 2  190   -4.0  3.0000  76  4
 0  077    3.0  3.0000  76  5
 1   48   -5.0  0.0500  76  6
 1   69   17.0  0.0500  76  7
 1   75    5.0  0.0500  76  8
 3  292   -5.0  5.1358  76  9
 1  345  -18.0  0.0500  76  10
 2  313    3.0  3.0000  77  1
 3   26   -1.0  0.8560  77  2
 0  078    0.0  3.0000  77  3
 2  190   -4.0  3.0000  77  4
 0  078    3.0  3.0000  77  5
 1   48   -5.0  0.0500  77  6
 1   69   17.0  0.0500  77  7
 1   75    5.0  0.0500  77  8
 3  292   -5.0  5.1358  77  9
 1  345  -18.0  0.0500  77  10
 2  313    3.0  3.0000  78  1
 3   46   -1.0  0.8560  78  2
 0  079    0.0  3.0000  78  3
 2  190   -4.0  3.0000  78  4
 0  079    3.0  3.0000  78  5
 1   48   -5.0  0.0500  78  6
 1   69   17.0  0.0500  78  7
 1   75    5.0  0.0500  78  8
 3  292   -5.0  5.1358  78  9
 1  345  -18.0  0.0500  78  10
 2  313    3.0  3.0000  79  1
 3   46   -1.0  0.8560  79  2
 0  080    0.0  3.0000  79  3
 2  190   -4.0  3.0000  79  4
 0  080    3.0  3.0000  79  5
 1   48   -5.0  0.0500  79  6
 1   69   17.0  0.0500  79  7
 1   75    5.0  0.0500  79  8
 3  292   -5.0  5.1358  79  9
 1  345  -18.0  0.0500  79  10
 2  313    3.0  3.0000  80  1
 3   46   -1.0  0.8560  80  2
 0  081    0.0  3.0000  80  3
 2  190   -4.0  3.0000  80  4
 0  081    3.0  3.0000  80  5
 1   48   -5.0  0.0500  80  6
 1   69   17.0  0.0500  80  7
 1   75    5.0  0.0500  80  8
 3  292   -5.0  5.1358  80  9
 1  345  -18.0  0.0500  80  10
 2  313    3.0  3.0000  81  1
 3   46   -1.0  0.8560  81  2
 0  082    0.0  3.0000  81  3
 2  190   -4.0  3.0000  81  4
 0  082    3.0  3.0000  81  5
 1   48   -5.0  0.0500  81  6
 1   69   17.0  0.0500  81  7
 1   75    5.0  0.0500  81  8
 3  292   -5.0  5.1358  81  9
 1  345  -18.0  0.0500  81  10
 2  313    3.0  3.0000  82  1
 3   46   -1.0  0.8560  82  2
 0  083    0.0  3.0000  82  3
 2  190   -4.0  3.0000  82  4
 0  083    3.0  3.0000  82  5
 1   48   -5.0  0.0500  82  6
 1   69   17.0  0.0500  82  7
 1   75    5.0  0.0500  82  8
 3  292   -5.0  5.1358  82  9
 1  345  -18.0  0.0500  82  10
 2  313    3.0  3.0000  83  1
 3   46   -1.0  0.8560  83  2
 0  084    0.0  3.0000  83  3
 2  190   -4.0  3.0000  83  4
 0  084    3.0  3.0000  83  5
 1   48   -5.0  0.0500  83  6
 1   69   17.0  0.0500  83  7
 1   75    5.0  0.0500  83  8
 3  292   -5.0  5.1358  83  9
 1  345  -18.0  0.0500  83  10
 2  313    3.0  3.0000  84  1
 3   46   -1.0  0.8560  84  2
 0  085    0.0  3.0000  84  3
 2  190   -4.0  3.0000  84  4
 0  085    3.0  3.0000  84  5
 1   48   -5.0  0.0500  84  6
 1   69   17.0  0.0500  84  7
 1   75    5.0  0.0500  84  8
 3  292   -5.0  5.1358  84  9
 1  345  -18.0  0.0500  84  10
 2  313    3.0  3.0000  85  1
 3   46   -1.0  0.8560  85  2
 0  086    0.0  3.0000  85  3
 2  190   -4.0  3.0000  85  4
 0  086    3.0  3.0000  85  5
 1   48   -5.0  0.0500  85  6
 1   69   17.0  0.0500  85  7
 1   75    5.0  0.0500  85  8
 3  292   -5.0  5.1358  85  9
 1  345  -18.0  0.0500  85  10
 2  313    3.0  3.0000  86  1
 3   46   -1.0  0.8560  86  2
 0  087    0.0  3.0000  86  3
 2  190   -4.0  3.0000  86  4
 0  087    3.0  3.0000  86  5
 1   48   -5.0  0.0500  86  6
 1   69   17.0  0.0500  86  7
 1   75    5.0  0.0500  86  8
 3  292   -5.0  5.1358  86  9
 1  345  -18.0  0.0500  86  10
 2  313    3.0  3.0000  87  1
 3   46   -1.0  0.8560  87  2
 0  088    0.0  3.0000  87  3
 2  190   -4.0  3.0000  87  4
 0  088    3.0  3.0000  87  5
 1   48   -5.0  0.0500  87  6
 1   69   17.0  0.0500  87  7
 1   75    5.0  0.0500  87  8
 3  292   -5.0  5.1358  87  9
 1  345  -18.0  0.0500  87  10
 2  313    3.0  3.0000  88  1
 3   46   -1.0  0.8560  88  2
 0  089    0.0  3.0000  88  3
 2  190   -4.0  3.0000  88  4
 0  089    3.0  3.0000  88  5
 1   48   -5.0  0.0500  88  6
 1   69   17.0  0.0500  88  7
 1   75    5.0  0.0500  88  8
 3   19   -5.0  5.1358  88  9
 1  345  -18.0  0.0500  88  10
 2  313    3.0  3.0000  89  1
 3   46   -1.0  0.8560  89  2
 0  090    0.0  3.0000  89  3
 2  190   -4.0  3.0000  89  4
 0  090    3.0  3.0000  89  5
 1   48   -5.0  0.0500  89  6
 1   69   17.0  0.0500  89  7
 1   75    5.0  0.0500  89  8
 3   19   -5.0  5.1358  89  9
 1  345  -18.0  0.0500  89  10
 2  313    3.0  3.0000  90  1
 3   46   -1.0  0.8560  90  2
 0  091    0.0  3.0000  90  3
 2  190   -4.0  3.0000  90  4
 0  091    3.0  3.0000  90  5
 1   48   -5.0  0.0500  90  6
 1   69   17.0  0.0500  90  7
 1   75    5.0  0.0500  90  8
 3   19   -5.0  5.1358  90  9
 1  345  -18.0  0.0500  90  10
 2  313    3.0  3.0000  91  1
 3   46   -1.0  0.8560  91  2
 0  092    0.0  3.0000  91  3
 2  190   -4.0  3.0000  91  4
 0  092    3.0  3.0000  91  5
 1   48   -5.0  0.0500  91  6
 1   69   17.0  0.0500  91  7
 1   75    5.0  0.0500  91  8
 3   19   -5.0  5.1358  91  9
 1  345  -18.0  0.0500  91  10
 2  313    3.0  3.0000  92  1
 3   46   -1.0  0.8560  92  2
 0  093    0.0  3.0000  92  3
 2  190   -4.0  3.0000  92  4
 0  093    3.0  3.0000  92  5
 1   48   -5.0  0.0500  92  6
 1   69   17.0  0.0500  92  7
 1   75    5.0  0.0500  92  8
 3   19   -5.0  5.1358  92  9
 1  345  -18.0  0.0500  92  10
 2  313    3.0  3.0000  93  1
 3   46   -1.0  0.8560  93  2
 0  094    0.0  3.0000  93  3
 2  190   -4.0  3.0000  93  4
 0  094    3.0  3.0000  93  5
 1   48   -5.0  0.0500  93  6
 1   69   17.0  0.0500  93  7
 1   75    5.0  0.0500  93  8
 3   19   -5.0  5.1358  93  9
 1  345  -18.0  0.0500  93  10
 2  313    3.0  3.0000  94  1
 3   46   -1.0  0.8560  94  2
 0  095    0.0  3.0000  94  3
 2  190   -4.0  3.0000  94  4
 0  095    3.0  3.0000  94  5
 1   48   -5.0  0.0500  94  6
 1   69   17.0  0.0500  94  7
 1   75    5.0  0.0500  94  8
 3   19   -5.0  5.1358  94  9
 1  345  -18.0  0.0500  94  10
 2  313    3.0  3.0000  95  1
 3   46   -1.0  0.8560  95  2
 0  096    0.0  3.0000  95  3
 2  190   -4.0  3.0000  95  4
 0  096    3.0  3.0000  95  5
 1   48   -5.0  0.0500  95  6
 1   69   17.0  0.0500  95  7
 1   75    5.0  0.0500  95  8
 3   19   -5.0  5.1358  95  9
 1  345  -18.0  0.0500  95  10
 2  313    3.0  3.0000  96  1
 3   46   -1.0  0.8560  96  2
 0  097    0.0  3.0000  96  3
 3  190   -4.0  1.3608  96  4
 0  097    3.0  3.0000  96  5
 1   48   -5.0  0.0500  96  6
 1   69   17.0  0.0500  96  7
 1   75    5.0  0.0500  96  8
 3   19   -5.0  5.1358  96  9
 1  345  -18.0  0.0500  96  10
 2  313    3.0  3.0000  97  1
 3   46   -1.0  0.8560  97  2
 0  098    0.0  3.0000  97  3
 3  190   -4.0  1.3608  97  4
 0  098    3.0  3.0000  97  5
 1   48   -5.0  0.0500  97  6
 1   69   17.0  0.0500  97  7
 1   75    5.0  0.0500  97  8
 3   19   -5.0  5.1358  97  9
 1  345  -18.0  0.0500  97  10
 2  313    3.0  3.0000  98  1
 3   46   -1.0  0.8560  98  2
 0  099    0.0  3.0000  98  3
 3  190   -4.0  1.3608  98  4
 0  099    3.0  3.0000  98  5
 1   48   -5.0  0.0500  98  6
 1   69   17.0  0.0500  98  7
 1   75    5.0  0.0500  98  8
 3   19   -5.0  5.1358  98  9
 1  345  -18.0  0.0500  98  10
 2  313    3.0  3.0000  99  1
 3   46   -1.0  0.8560  99  2
 0  100    0.0  3.0000  99  3
 3  190   -4.0  1.3608  99  4
 0  100    3.0  3.0000  99  5
 1   48   -5.0  0.0500  99  6
 1   69   17.0  0.0500  99  7
 1   75    5.0  0.0500  99  8
 3   19   -5.0  5.1358  99  9
 2  345   -9.0  6.3640  99  10
 2  313    3.0  3.0000  100  1
 3   46   -1.0  0.8560  100  2
 0  101    0.0  3.0000  100  3
 3  190   -4.0  1.3608  100  4
 0  101    3.0  3.0000  100  5
 1   48   -5.0  0.0500  100  6
 2   69   19.0  3.0000  100  7
 1   75    5.0  0.0500  100  8
 3   19   -5.0  5.1358  100  9
 2  345   -9.0  6.3640  100  10
 3   74    6.0  0.8560  101  1
 3   46   -1.0  0.8560  101  2
 0  102    0.0  3.0000  101  3
 3  190   -4.0  1.3608  101  4
 0  102    3.0  3.0000  101  5
 1   48   -5.0  0.0500  101  6
 2   69   19.0  3.0000  101  7
 1   75    5.0  0.0500  101  8
 3   43   10.0  4.0825  101  9
 2  345   -9.0  6.3640  101  10
 3   74    6.0  0.8560  102  1
 3   46   -1.0  0.8560  102  2
 0  103    0.0  3.0000  102  3
 3  190   -4.0  1.3608  102  4
 0  103    3.0  3.0000  102  5
 1   48   -5.0  0.0500  102  6
 2   69   19.0  3.0000  102  7
 1   75    5.0  0.0500  102  8
 3   43   10.0  4.0825  102  9
 2  345   -9.0  6.3640  102  10
 3   74    6.0  0.8560  103  1
 3   46   -1.0  0.8560  103  2
 0  104    0.0  3.0000  103  3
 3  190   -4.0  1.3608  103  4
 0  104    3.0  3.0000  103  5
 1   48   -5.0  0.0500  103  6
 2   69   19.0  3.0000  103  7
 1   75    5.0  0.0500  103  8
 3   43   10.0  4.0825  103  9
 2  345   -9.0  6.3640  103  10
 3   74    6.0  0.8560  104  1
 3   46   -1.0  0.8560  104  2
 0  105    0.0  3.0000  104  3
 3  190   -4.0  1.3608  104  4
 0  105    3.0  3.0000  104  5
 1   48   -5.0  0.0500  104  6
 2   69   19.0  3.0000  104  7
 1   75    5.0  0.0500  104  8
 3   43   10.0  4.0825  104  9
 2  345   -9.0  6.3640  104  10
 3   74    6.0  0.8560  105  1
 3   46   -1.0  0.8560  105  2
 0  106    0.0  3.0000  105  3
 3  190   -4.0  1.3608  105  4
 0  106    3.0  3.0000  105  5
 1   48   -5.0  0.0500  105  6
 2   69   19.0  3.0000  105  7
 1   75    5.0  0.0500  105  8
 3   43   10.0  4.0825  105  9
 2  345   -9.0  6.3640  105  10
 3   74    6.0  0.8560  106  1
 3   46   -1.0  0.8560  106  2
 0  107    0.0  3.0000  106  3
 3  190   -4.0  1.3608  106  4
 0  107    3.0  3.0000  106  5
 1   48   -5.0  0.0500  106  6
 2   69   19.0  3.0000  106  7
 1   75    5.0  0.0500  106  8
 3   43   10.0  4.0825  106  9
 2  345   -9.0  6.3640  106  10
 3   74    6.0  0.8560  107  1
 3   46   -1.0  0.8560  107  2
 0  108    0.0  3.0000  107  3
 3  190   -4.0  1.3608  107  4
 0  108    3.0  3.0000  107  5
 1   48   -5.0  0.0500  107  6
 2   69   19.0  3.0000  107  7
 1   75    5.0  0.0500  107  8
 3   43   10.0  4.0825  107  9
 3  345   -3.0  2.5679  107  10
 3   74    6.0  0.8560  108  1
 3   46   -1.0  0.8560  108  2
 0  109    0.0  3.0000  108  3
 3    2   -1.0  1.7119  108  4
 0  109    3.0  3.0000  108  5
 1   48   -5.0  0.0500  108  6
 2   69   19.0  3.0000  108  7
 1   75    5.0  0.0500  108  8
 3   43   10.0  4.0825  108  9
 3  345   -3.0  2.5679  108  10
 3   74    6.0  0.8560  109  1
 3   46   -1.0  0.8560  109  2
 0  110    0.0  3.0000  109  3
 3    2   -1.0  1.7119  109  4
 0  110    3.0  3.0000  109  5
 1   48   -5.0  0.0500  109  6
 2   69   19.0  3.0000  109  7
 2   75    2.0  3.0000  109  8
 3   84   10.0  1.9052  109  9
 3  345   -3.0  2.5679  109  10
 3   74    6.0  0.8560  110  1
 3   46   -1.0  0.8560  110  2
 0  111    0.0  3.0000  110  3
 3   95    1.0  1.7119  110  4
 0  111    3.0  3.0000  110  5
 1   48   -5.0  0.0500  110  6
 2   69   19.0  3.0000  110  7
 2   75    2.0  3.0000  110  8
 3   84   10.0  1.9052  110  9
 3  345   -3.0  2.5679  110  10
 3   74    6.0  0.8560  111  1
 3   46   -1.0  0.8560  111  2
 0  112    0.0  3.0000  111  3
 3   95    1.0  1.7119  111  4
 0  112    3.0  3.0000  111  5
 1   48   -5.0  0.0500  111  6
 2   69   19.0  3.0000  111  7
 2   75    2.0  3.0000  111  8
 3   84   10.0  1.9052  111  9
 3  345   -3.0  2.5679  111  10
 3   74    6.0  0.8560  112  1
 3   46   -1.0  0.8560  112  2
 0  113    0.0  3.0000  112  3
 3   95    1.0  1.7119  112  4
 0  113    3.0  3.0000  112  5
 1   48   -5.0  0.0500  112  6
 2   69   19.0  3.0000  112  7
 2   75    2.0  3.0000  112  8
 3   84   10.0  1.9052  112  9
 3  345   -3.0  2.5679  112  10
 3   74    6.0  0.8560  113  1
 3   46   -1.0  0.8560  113  2
 0  114    0.0  3.0000  113  3
 3   95    1.0  1.7119  113  4
 0  114    3.0  3.0000  113  5
 1   48   -5.0  0.0500  113  6
 2   69   19.0  3.0000  113  7
 2   75    2.0  3.0000  113  8
 3   84   10.0  1.9052  113  9
 3  345   -3.0  2.5679  113  10
 3   74    6.0  0.8560  114  1
 3   46   -1.0  0.8560  114  2
 0  115    0.0  3.0000  114  3
 3   95    1.0  1.7119  114  4
 0  115    3.0  3.0000  114  5
 1   48   -5.0  0.0500  114  6
 2   69   19.0  3.0000  114  7
 2   75    2.0  3.0000  114  8
 3   84   10.0  1.9052  114  9
 3  345   -3.0  2.5679  114  10
 3   74    6.0  0.8560  115  1
 3   46   -1.0  0.8560  115  2
 0  116    0.0  3.0000  115  3
 3   95    1.0  1.7119  115  4
 0  116    3.0  3.0000  115  5
 1   48   -5.0  0.0500  115  6
 2   69   19.0  3.0000  115  7
 2   75    2.0  3.0000  115  8
 3   84   10.0  1.9052  115  9
 3  345   -3.0  2.5679  115  10
 3   74    6.0  0.8560  116  1
 3   46   -1.0  0.8560  116  2
 0  117    0.0  3.0000  116  3
 3   95    1.0  1.7119  116  4
 0  117    3.0  3.0000  116  5
 1   48   -5.0  0.0500  116  6
 2   69   19.0  3.0000  116  7
 2   75    2.0  3.0000  116  8
 3   84   10.0  1.9052  116  9
 3  345   -3.0  2.5679  116  10
 3   74    6.0  0.8560  117  1
 3   46   -1.0  0.8560  117  2
 0  118    0.0  3.0000  117  3
 3   95    1.0  1.7119  117  4
 0  118    3.0  3.0000  117  5
 1   48   -5.0  0.0500  117  6
 2   69   19.0  3.0000  117  7
 2   75    2.0  3.0000  117  8
 3   84   10.0  1.9052  117  9
 3  345   -3.0  2.5679  117  10
 3   74    6.0  0.8560  118  1
 3   46   -1.0  0.8560  118  2
 0  119    0.0  3.0000  118  3
 3   95    1.0  1.7119  118  4
 0  119    3.0  3.0000  118  5
 1   48   -5.0  0.0500  118  6
 2   69   19.0  3.0000  118  7
 2   75    2.0  3.0000  118  8
 3   84   10.0  1.9052  118  9
 3  345   -3.0  2.5679  118  10
 3   74    6.0  0.8560  119  1
 3   46   -1.0  0.8560  119  2
 0  120    0.0  3.0000  119  3
 4   95    0.5  0.7413  119  4
 0  120    3.0  3.0000  119  5
 1   48   -5.0  0.0500  119  6
 2   69   19.0  3.0000  119  7
 2   75    2.0  3.0000  119  8
 3   84   10.0  1.9052  119  9
 3  345   -3.0  2.5679  119  10
 3   74    6.0  0.8560  120  1
 3   46   -1.0  0.8560  120  2
 0  121    0.0  3.0000  120  3
 4   95    0.5  0.7413  120  4
 0  121    3.0  3.0000  120  5
 1   48   -5.0  0.0500  120  6
 2   69   19.0  3.0000  120  7
 2   75    2.0  3.0000  120  8
 3   84   10.0  1.9052  120  9
 3  345   -3.0  2.5679  120  10
 3   74    6.0  0.8560  121  1
 3   46   -1.0  0.8560  121  2
 0  122    0.0  3.0000  121  3
 4   95    0.5  0.7413  121  4
 0  122    3.0  3.0000  121  5
 1   48   -5.0  0.0500  121  6
 2   69   19.0  3.0000  121  7
 2   98    0.5  3.0000  121  8
 4   84    6.5  2.5945  121  9
 3  345   -3.0  2.5679  121  10
 3   74    6.0  0.8560  122  1
 3   46   -1.0  0.8560  122  2
 0  123    0.0  3.0000  122  3
 4   95    0.5  0.7413  122  4
 0  123    3.0  3.0000  122  5
 1   48   -5.0  0.0500  122  6
 2   69   19.0  3.0000  122  7
 2   98    0.5  3.0000  122  8
 4   84    6.5  2.5945  122  9
 3  345   -3.0  2.5679  122  10
 3   74    6.0  0.8560  123  1
 3   46   -1.0  0.8560  123  2
 0  124    0.0  3.0000  123  3
 4   95    0.5  0.7413  123  4
 0  124    3.0  3.0000  123  5
 1   48   -5.0  0.0500  123  6
 2   69   19.0  3.0000  123  7
 2   98    0.5  3.0000  123  8
 4   84    6.5  2.5945  123  9
 3  345   -3.0  2.5679  123  10
 3   74    6.0  0.8560  124  1
 3   46   -1.0  0.8560  124  2
 0  125    0.0  3.0000  124  3
 4   95    0.5  0.7413  124  4
 0  125    3.0  3.0000  124  5
 1   48   -5.0  0.0500  124  6
 2   69   19.0  3.0000  124  7
 2   98    0.5  3.0000  124  8
 4   84    6.5  2.5945  124  9
 3  345   -3.0  2.5679  124  10
 3   74    6.0  0.8560  125  1
 3   63   -1.0  0.8560  125  2
 0  126    0.0  3.0000  125  3
 4   95    0.5  0.7413  125  4
 0  126    3.0  3.0000  125  5
 1   48   -5.0  0.0500  125  6
 2   69   19.0  3.0000  125  7
 2   98    0.5  3.0000  125  8
 4   84    6.5  2.5945  125  9
 3  345   -3.0  2.5679  125  10
 3   74    6.0  0.8560  126  1
 3   63   -1.0  0.8560  126  2
 0  127    0.0  3.0000  126  3
 4   95    0.5  0.7413  126  4
 0  127    3.0  3.0000  126  5
 1   48   -5.0  0.0500  126  6
 2   69   19.0  3.0000  126  7
 2   98    0.5  3.0000  126  8
 4   84    6.5  2.5945  126  9
 3  345   -3.0  2.5679  126  10
 3   74    6.0  0.8560  127  1
 3   67    0.0  0.2722  127  2
 0  128    0.0  3.0000  127  3
 4   95    0.5  0.7413  127  4
 0  128    3.0  3.0000  127  5
 1   48   -5.0  0.0500  127  6
 2   69   19.0  3.0000  127  7
 2   98    0.5  3.0000  127  8
 4   84    6.5  2.5945  127  9
 3  345   -3.0  2.5679  127  10
 3   74    6.0  0.8560  128  1
 3   67    0.0  0.2722  128  2
 0  129    0.0  3.0000  128  3
 4   95    0.5  0.7413  128  4
 0  129    3.0  3.0000  128  5
 1   48   -5.0  0.0500  128  6
 2   69   19.0  3.0000  128  7
 2   98    0.5  3.0000  128  8
 4   84    6.5  2.5945  128  9
 3  345   -3.0  2.5679  128  10
 3   74    6.0  0.8560  129  1
 3   67    0.0  0.2722  129  2
 0  130    0.0  3.0000  129  3
 4   95    0.5  0.7413  129  4
 0  130    3.0  3.0000  129  5
 1   48   -5.0  0.0500  129  6
 2   69   19.0  3.0000  129  7
 2   98    0.5  3.0000  129  8
 4   84    6.5  2.5945  129  9
 3  345   -3.0  2.5679  129  10
 3   74    6.0  0.8560  130  1
 3   67    0.0  0.2722  130  2
 0  131    0.0  3.0000  130  3
 5   95    1.0  1.3261  130  4
 0  131    3.0  3.0000  130  5
 1   48   -5.0  0.0500  130  6
 2   69   19.0  3.0000  130  7
 2   98    0.5  3.0000  130  8
 3   98    3.0  1.9052  130  9
 3  345   -3.0  2.5679  130  10
 3   74    6.0  0.8560  131  1
 3   67    0.0  0.2722  131  2
 0  132    0.0  3.0000  131  3
 5   95    1.0  1.3261  131  4
 0  132    3.0  3.0000  131  5
 1   48   -5.0  0.0500  131  6
 2   69   19.0  3.0000  131  7
 2   98    0.5  3.0000  131  8
 3   98    3.0  1.9052  131  9
 3  345   -3.0  2.5679  131  10
 3   74    6.0  0.8560  132  1
 3   67    0.0  0.2722  132  2
 0  133    0.0  3.0000  132  3
 5   95    1.0  1.3261  132  4
 0  133    3.0  3.0000  132  5
 1   48   -5.0  0.0500  132  6
 2   69   19.0  3.0000  132  7
 2   98    0.5  3.0000  132  8
 3   98    3.0  1.9052  132  9
 3  345   -3.0  2.5679  132  10
 3   74    6.0  0.8560  133  1
 3   67    0.0  0.2722  133  2
 0  134    0.0  3.0000  133  3
 5   95    1.0  1.3261  133  4
 0  134    3.0  3.0000  133  5
 1   48   -5.0  0.0500  133  6
 2   69   19.0  3.0000  133  7
 2   98    0.5  3.0000  133  8
 3   98    3.0  1.9052  133  9
 3  345   -3.0  2.5679  133  10
 3   74    6.0  0.8560  134  1
 3   67    0.0  0.2722  134  2
 0  135    0.0  3.0000  134  3
 5   95    1.0  1.3261  134  4
 0  135    3.0  3.0000  134  5
 1   48   -5.0  0.0500  134  6
 2   69   19.0  3.0000  134  7
 2   98    0.5  3.0000  134  8
 3   98    3.0  1.9052  134  9
 3  345   -3.0  2.5679  134  10
 3   74    6.0  0.8560  135  1
 3   67    0.0  0.2722  135  2
 1  127   -1.0  0.0500  135  3
 5   95    1.0  1.3261  135  4
 0  136    3.0  3.0000  135  5
 1   48   -5.0  0.0500  135  6
 2   69   19.0  3.0000  135  7
 2   98    0.5  3.0000  135  8
 3   98    3.0  1.9052  135  9
 3  345   -3.0  2.5679  135  10
 3   74    6.0  0.8560  136  1
 3   67    0.0  0.2722  136  2
 1  127   -1.0  0.0500  136  3
 5   95    1.0  1.3261  136  4
 0  137    3.0  3.0000  136  5
 1   48   -5.0  0.0500  136  6
 2   69   19.0  3.0000  136  7
 2   98    0.5  3.0000  136  8
 3   98    3.0  1.9052  136  9
 3  345   -3.0  2.5679  136  10
 3   74    6.0  0.8560  137  1
 3   67    0.0  0.2722  137  2
 1  127   -1.0  0.0500  137  3
 5   95    1.0  1.3261  137  4
 0  138    3.0  3.0000  137  5
 1   48   -5.0  0.0500  137  6
 2   69   19.0  3.0000  137  7
 2   98    0.5  3.0000  137  8
 3   98    3.0  1.9052  137  9
 3  345   -3.0  2.5679  137  10
 3   74    6.0  0.8560  138  1
 3   67    0.0  0.2722  138  2
 1  127   -1.0  0.0500  138  3
 4  105    2.0  1.4826  138  4
 0  139    3.0  3.0000  138  5
 1   48   -5.0  0.0500  138  6
 2   69   19.0  3.0000  138  7
 2   98    0.5  3.0000  138  8
 3   98    3.0  1.9052  138  9
 3  345   -3.0  2.5679  138  10
 3   74    6.0  0.8560  139  1
 3   67    0.0  0.2722  139  2
 1  127   -1.0  0.0500  139  3
 4  105    2.0  1.4826  139  4
 0  140    3.0  3.0000  139  5
 1   48   -5.0  0.0500  139  6
 2   69   19.0  3.0000  139  7
 2   98    0.5  3.0000  139  8
 3   98    3.0  1.9052  139  9
 3  345   -3.0  2.5679  139  10
 3   74    6.0  0.8560  140  1
 3   67    0.0  0.2722  140  2
 1  127   -1.0  0.0500  140  3
 4  105    2.0  1.4826  140  4
 0  141    3.0  3.0000  140  5
 1   48   -5.0  0.0500  140  6
 2   69   19.0  3.0000  140  7
 2   98    0.5  3.0000  140  8
 3   98    3.0  1.9052  140  9
 3  345   -3.0  2.5679  140  10
 3   74    6.0  0.8560  141  1
 3   67    0.0  0.2722  141  2
 1  127   -1.0  0.0500  141  3
 4  105    2.0  1.4826  141  4
 0  142    3.0  3.0000  141  5
 1   48   -5.0  0.0500  141  6
 3   69   17.0  3.4239  141  7
 2   98    0.5  3.0000  141  8
 3   98    3.0  1.9052  141  9
 3   96   -3.0  2.5679  141  10
 3   74    6.0  0.8560  142  1
 3   67    0.0  0.2722  142  2
 1  127   -1.0  0.0500  142  3
 4  105    2.0  1.4826  142  4
 0  143    3.0  3.0000  142  5
 1   48   -5.0  0.0500  142  6
 3   69   17.0  3.4239  142  7
 2   98    0.5  3.0000  142  8
 3   98    3.0  1.9052  142  9
 3  104   -6.0  0.8560  142  10
 3   74    6.0  0.8560  143  1
 3   67    0.0  0.2722  143  2
 1  127   -1.0  0.0500  143  3
 4  105    2.0  1.4826  143  4
 0  144    3.0  3.0000  143  5
 1   48   -5.0  0.0500  143  6
 3   69   17.0  3.4239  143  7
 2   98    0.5  3.0000  143  8
 3   98    3.0  1.9052  143  9
 3  104   -6.0  0.8560  143  10
 3   74    6.0  0.8560  144  1
 3   67    0.0  0.2722  144  2
 1  127   -1.0  0.0500  144  3
 4  105    2.0  1.4826  144  4
 0  145    3.0  3.0000  144  5
 1   48   -5.0  0.0500  144  6
 3   69   17.0  3.4239  144  7
 2   98    0.5  3.0000  144  8
 3   98    3.0  1.9052  144  9
 3  104   -6.0  0.8560  144  10
 3   74    6.0  0.8560  145  1
 3   67    0.0  0.2722  145  2
 1  127   -1.0  0.0500  145  3
 4  105    2.0  1.4826  145  4
 0  146    3.0  3.0000  145  5
 1   48   -5.0  0.0500  145  6
 3   69   17.0  3.4239  145  7
 2   98    0.5  3.0000  145  8
 3   98    3.0  1.9052  145  9
 3  104   -6.0  0.8560  145  10
 3   74    6.0  0.8560  146  1
 3   67    0.0  0.2722  146  2
 1  127   -1.0  0.0500  146  3
 4  105    2.0  1.4826  146  4
 0  147    3.0  3.0000  146  5
 1   48   -5.0  0.0500  146  6
 3   69   17.0  3.4239  146  7
 2   98    0.5  3.0000  146  8
 3   98    3.0  1.9052  146  9
 3  104   -6.0  0.8560  146  10
 3   74    6.0  0.8560  147  1
 3   67    0.0  0.2722  147  2
 1  127   -1.0  0.0500  147  3
 4  105    2.0  1.4826  147  4
 0  148    3.0  3.0000  147  5
 1   48   -5.0  0.0500  147  6
 3   69   17.0  3.4239  147  7
 2   98    0.5  3.0000  147  8
 3   98    3.0  1.9052  147  9
 3  104   -6.0  0.8560  147  10
 3   74    6.0  0.8560  148  1
 3   67    0.0  0.2722  148  2
 1  127   -1.0  0.0500  148  3
 4  105    2.0  1.4826  148  4
 0  149    3.0  3.0000  148  5
 1   48   -5.0  0.0500  148  6
 3   69   17.0  3.4239  148  7
 2   98    0.5  3.0000  148  8
 3   98    3.0  1.9052  148  9
 4  104   -6.5  1.4826  148  10
 3   74    6.0  0.8560  149  1
 3   67    0.0  0.2722  149  2
 1  127   -1.0  0.0500  149  3
 4  105    2.0  1.4826  149  4
 0  150    3.0  3.0000  149  5
 1   48   -5.0  0.0500  149  6
 3   69   17.0  3.4239  149  7
 2   98    0.5  3.0000  149  8
 3   98    3.0  1.9052  149  9
 4  137   -9.0  1.8532  149  10
 3   74    6.0  0.8560  150  1
 3  122    0.0  0.2722  150  2
 1  127   -1.0  0.0500  150  3
 3  117    4.0  1.0887  150  4
 0  151    3.0  3.0000  150  5
 1   48   -5.0  0.0500  150  6
 3   69   17.0  3.4239  150  7
 2   98    0.5  3.0000  150  8
 3   98    3.0  1.9052  150  9
 4  137   -9.0  1.8532  150  10
 3   74    6.0  0.8560  151  1
 3  122    0.0  0.2722  151  2
 1  127   -1.0  0.0500  151  3
 3  117    4.0  1.0887  151  4
 0  152    3.0  3.0000  151  5
 1   48   -5.0  0.0500  151  6
 3   69   17.0  3.4239  151  7
 2   98    0.5  3.0000  151  8
 3   98    3.0  1.9052  151  9
 4  137   -9.0  1.8532  151  10
 3   74    6.0  0.8560  152  1
 3  122    0.0  0.2722  152  2
 1  127   -1.0  0.0500  152  3
 3  117    4.0  1.0887  152  4
 0  153    3.0  3.0000  152  5
 1   48   -5.0  0.0500  152  6
 3   69   17.0  3.4239  152  7
 2   98    0.5  3.0000  152  8
 3   98    3.0  1.9052  152  9
 4  137   -9.0  1.8532  152  10
 3   74    6.0  0.8560  153  1
 3  122    0.0  0.2722  153  2
 1  127   -1.0  0.0500  153  3
 3  117    4.0  1.0887  153  4
 0  154    3.0  3.0000  153  5
 1   48   -5.0  0.0500  153  6
 3   69   17.0  3.4239  153  7
 2   98    0.5  3.0000  153  8
 3   98    3.0  1.9052  153  9
 4  137   -9.0  1.8532  153  10
 3   74    6.0  0.8560  154  1
 3  122    0.0  0.2722  154  2
 1  127   -1.0  0.0500  154  3
 3  117    4.0  1.0887  154  4
 0  155    3.0  3.0000  154  5
 1   48   -5.0  0.0500  154  6
 3   69   17.0  3.4239  154  7
 2   98    0.5  3.0000  154  8
 3   98    3.0  1.9052  154  9
 4  137   -9.0  1.8532  154  10
 3   74    6.0  0.8560  155  1
 4  122   -0.5  0.3706  155  2
 1  127   -1.0  0.0500  155  3
 3  117    4.0  1.0887  155  4
 0  156    3.0  3.0000  155  5
 1   48   -5.0  0.0500  155  6
 3   69   17.0  3.4239  155  7
 2   98    0.5  3.0000  155  8
 3   98    3.0  1.9052  155  9
 4  137   -9.0  1.8532  155  10
 3   74    6.0  0.8560  156  1
 4  122   -0.5  0.3706  156  2
 1  127   -1.0  0.0500  156  3
 3  117    4.0  1.0887  156  4
 0  157    3.0  3.0000  156  5
 1   48   -5.0  0.0500  156  6
 3   69   17.0  3.4239  156  7
 2   98    0.5  3.0000  156  8
 3   98    3.0  1.9052  156  9
 5  137   -7.0  0.6630  156  10
 3   74    6.0  0.8560  157  1
 4  122   -0.5  0.3706  157  2
 1  127   -1.0  0.0500  157  3
 3  117    4.0  1.0887  157  4
 0  158    3.0  3.0000  157  5
 1   48   -5.0  0.0500  157  6
 3   69   17.0  3.4239  157  7
 2   98    0.5  3.0000  157  8
 3   98    3.0  1.9052  157  9
 5  137   -7.0  0.6630  157  10
 3   74    6.0  0.8560  158  1
 4  122   -0.5  0.3706  158  2
 1  127   -1.0  0.0500  158  3
 3  117    4.0  1.0887  158  4
 0  159    3.0  3.0000  158  5
 1   48   -5.0  0.0500  158  6
 3   69   17.0  3.4239  158  7
 2   98    0.5  3.0000  158  8
 3   98    3.0  1.9052  158  9
 5  137   -7.0  0.6630  158  10
 3   74    6.0  0.8560  159  1
 4  122   -0.5  0.3706  159  2
 1  127   -1.0  0.0500  159  3
 3  117    4.0  1.0887  159  4
 0  160    3.0  3.0000  159  5
 1   48   -5.0  0.0500  159  6
 3   69   17.0  3.4239  159  7
 2   98    0.5  3.0000  159  8
 3   98    3.0  1.9052  159  9
 5  137   -7.0  0.6630  159  10
 3   74    6.0  0.8560  160  1
 4  122   -0.5  0.3706  160  2
 1  127   -1.0  0.0500  160  3
 3  117    4.0  1.0887  160  4
 0  161    3.0  3.0000  160  5
 1   48   -5.0  0.0500  160  6
 3   69   17.0  3.4239  160  7
 2   98    0.5  3.0000  160  8
 3   98    3.0  1.9052  160  9
 5  137   -7.0  0.6630  160  10
 3   74    6.0  0.8560  161  1
 4  122   -0.5  0.3706  161  2
 1  127   -1.0  0.0500  161  3
 3  117    4.0  1.0887  161  4
 0  162    3.0  3.0000  161  5
 1   48   -5.0  0.0500  161  6
 3   69   17.0  3.4239  161  7
 2   98    0.5  3.0000  161  8
 3   98    3.0  1.9052  161  9
 5  137   -7.0  0.6630  161  10
 3   74    6.0  0.8560  162  1
 4  122   -0.5  0.3706  162  2
 1  127   -1.0  0.0500  162  3
 3  117    4.0  1.0887  162  4
 0  163    3.0  3.0000  162  5
 1   48   -5.0  0.0500  162  6
 3   69   17.0  3.4239  162  7
 2   98    0.5  3.0000  162  8
 3   98    3.0  1.9052  162  9
 5  137   -7.0  0.6630  162  10
 3   74    6.0  0.8560  163  1
 4  122   -0.5  0.3706  163  2
 1  127   -1.0  0.0500  163  3
 3  117    4.0  1.0887  163  4
 0  164    3.0  3.0000  163  5
 1   48   -5.0  0.0500  163  6
 3   69   17.0  3.4239  163  7
 2   98    0.5  3.0000  163  8
 3   98    3.0  1.9052  163  9
 5  137   -7.0  0.6630  163  10
 3   74    6.0  0.8560  164  1
 4  122   -0.5  0.3706  164  2
 1  127   -1.0  0.0500  164  3
 3  127    4.0  0.5443  164  4
 1  161    7.0  0.0500  164  5
 1   48   -5.0  0.0500  164  6
 3   69   17.0  3.4239  164  7
 2   98    0.5  3.0000  164  8
 3   98    3.0  1.9052  164  9
 5  137   -7.0  0.6630  164  10
 3   74    6.0  0.8560  165  1
 4  122   -0.5  0.3706  165  2
 1  127   -1.0  0.0500  165  3
 3  127    4.0  0.5443  165  4
 1  161    7.0  0.0500  165  5
 1   48   -5.0  0.0500  165  6
 3   69   17.0  3.4239  165  7
 2   98    0.5  3.0000  165  8
 3   98    3.0  1.9052  165  9
 5  137   -7.0  0.6630  165  10
 3   74    6.0  0.8560  166  1
 5  122    0.0  0.6630  166  2
 1  127   -1.0  0.0500  166  3
 3  127    4.0  0.5443  166  4
 1  161    7.0  0.0500  166  5
 2   48   -4.5  3.0000  166  6
 3   69   17.0  3.4239  166  7
 2   98    0.5  3.0000  166  8
 3   98    3.0  1.9052  166  9
 5  137   -7.0  0.6630  166  10
 3   74    6.0  0.8560  167  1
 4  122   -0.5  1.1119  167  2
 1  127   -1.0  0.0500  167  3
 3  127    4.0  0.5443  167  4
 1  161    7.0  0.0500  167  5
 2   48   -4.5  3.0000  167  6
 3   69   17.0  3.4239  167  7
 2   98    0.5  3.0000  167  8
 3   98    3.0  1.9052  167  9
 5  137   -7.0  0.6630  167  10
 3   74    6.0  0.8560  168  1
 4  122   -0.5  1.1119  168  2
 1  127   -1.0  0.0500  168  3
 3  127    4.0  0.5443  168  4
 1  161    7.0  0.0500  168  5
 2   48   -4.5  3.0000  168  6
 3   69   17.0  3.4239  168  7
 2   98    0.5  3.0000  168  8
 3   98    3.0  1.9052  168  9
 6  137   -6.5  0.6053  168  10
 3   74    6.0  0.8560  169  1
 3  140   -1.0  1.7119  169  2
 1  127   -1.0  0.0500  169  3
 3  127    4.0  0.5443  169  4
 1  161    7.0  0.0500  169  5
 2   48   -4.5  3.0000  169  6
 3   69   17.0  3.4239  169  7
 2   98    0.5  3.0000  169  8
 3   98    3.0  1.9052  169  9
 6  137   -6.5  0.6053  169  10
 3   74    6.0  0.8560  170  1
 3  140   -1.0  1.7119  170  2
 1  127   -1.0  0.0500  170  3
 3  127    4.0  0.5443  170  4
 1  161    7.0  0.0500  170  5
 2   48   -4.5  3.0000  170  6
 3   69   17.0  3.4239  170  7
 2   98    0.5  3.0000  170  8
 3   98    3.0  1.9052  170  9
 6  137   -6.5  0.6053  170  10
 3   74    6.0  0.8560  171  1
 3  140   -1.0  1.7119  171  2
 1  127   -1.0  0.0500  171  3
 3  127    4.0  0.5443  171  4
 1  161    7.0  0.0500  171  5
 2   48   -4.5  3.0000  171  6
 3   69   17.0  3.4239  171  7
 2   98    0.5  3.0000  171  8
 3   98    3.0  1.9052  171  9
 6  137   -6.5  0.6053  171  10
 3   99   10.0  0.8560  172  1
 4  140    1.5  2.5945  172  2
 1  127   -1.0  0.0500  172  3
 3  127    4.0  0.5443  172  4
 1  161    7.0  0.0500  172  5
 2   48   -4.5  3.0000  172  6
 3   69   17.0  3.4239  172  7
 2   98    0.5  3.0000  172  8
 3   98    3.0  1.9052  172  9
 6  137   -6.5  0.6053  172  10
 3  170    8.0  0.8560  173  1
 5  140   -1.0  1.3261  173  2
 1  127   -1.0  0.0500  173  3
 3  127    4.0  0.5443  173  4
 1  161    7.0  0.0500  173  5
 2   48   -4.5  3.0000  173  6
 3   69   17.0  3.4239  173  7
 2   98    0.5  3.0000  173  8
 3   98    3.0  1.9052  173  9
 7  137   -7.0  1.1207  173  10
 3  170    8.0  0.8560  174  1
 5  140   -1.0  1.3261  174  2
 1  127   -1.0  0.0500  174  3
 3  127    4.0  0.5443  174  4
 1  161    7.0  0.0500  174  5
 2   48   -4.5  3.0000  174  6
 3   69   17.0  3.4239  174  7
 2   98    0.5  3.0000  174  8
 3   98    3.0  1.9052  174  9
 7  137   -7.0  1.1207  174  10
 3  170    8.0  0.8560  175  1
 5  140   -1.0  1.3261  175  2
 1  127   -1.0  0.0500  175  3
 3  127    4.0  0.5443  175  4
 1  161    7.0  0.0500  175  5
 2   48   -4.5  3.0000  175  6
 3   69   17.0  3.4239  175  7
 2   98    0.5  3.0000  175  8
 3   98    3.0  1.9052  175  9
 7  137   -7.0  1.1207  175  10
 3  170    8.0  0.8560  176  1
 5  140   -1.0  1.3261  176  2
 1  127   -1.0  0.0500  176  3
 3  127    4.0  0.5443  176  4
 1  161    7.0  0.0500  176  5
 2   48   -4.5  3.0000  176  6
 3   69   17.0  3.4239  176  7
 2   98    0.0  3.0000  176  8
 3   98    3.0  1.9052  176  9
 7  137   -7.0  1.1207  176  10
 3  170    8.0  0.8560  177  1
 5  140   -1.0  1.3261  177  2
 1  127   -1.0  0.0500  177  3
 3  127    4.0  0.5443  177  4
 1  161    7.0  0.0500  177  5
 2   48   -4.5  3.0000  177  6
 3   69   17.0  3.4239  177  7
 3   98    1.0  1.7119  177  8
 3   98    3.0  1.9052  177  9
 7  137   -7.0  1.1207  177  10
 3  170    8.0  0.8560  178  1
 5  140   -1.0  1.3261  178  2
 1  127   -1.0  0.0500  178  3
 3  127    4.0  0.5443  178  4
 1  161    7.0  0.0500  178  5
 2   48   -4.5  3.0000  178  6
 3   69   17.0  3.4239  178  7
 3   98    1.0  1.7119  178  8
 3   98    3.0  1.9052  178  9
 7  137   -7.0  1.1207  178  10
 3  170    8.0  0.8560  179  1
 5  140   -1.0  1.3261  179  2
 1  127   -1.0  0.0500  179  3
 3  127    4.0  0.5443  179  4
 1  161    7.0  0.0500  179  5
 2   48   -4.5  3.0000  179  6
 3   69   17.0  3.4239  179  7
 3   98    1.0  1.7119  179  8
 3   98    3.0  1.9052  179  9
 7  137   -7.0  1.1207  179  10
 3  170    8.0  0.8560  180  1
 5  140   -1.0  1.3261  180  2
 1  127   -1.0  0.0500  180  3
 3  127    4.0  0.5443  180  4
 1  161    7.0  0.0500  180  5
 2   48   -4.5  3.0000  180  6
 3   69   17.0  3.4239  180  7
 3   98    1.0  1.7119  180  8
 3   98    3.0  1.9052  180  9
 7  137   -7.0  1.1207  180  10
 3  170    8.0  0.8560  181  1
 5  140   -1.0  1.3261  181  2
 1  127   -1.0  0.0500  181  3
 3  127    4.0  0.5443  181  4
 1  161    7.0  0.0500  181  5
 2   48   -4.5  3.0000  181  6
 3   69   17.0  3.4239  181  7
 3   98    1.0  1.7119  181  8
 3   98    3.0  1.9052  181  9
 7  137   -7.0  1.1207  181  10
 3  170    8.0  0.8560  182  1
 5  140   -1.0  1.3261  182  2
 1  127   -1.0  0.0500  182  3
 3  127    4.0  0.5443  182  4
 1  161    7.0  0.0500  182  5
 2   48   -4.5  3.0000  182  6
 3   69   17.0  3.4239  182  7
 3   98    1.0  1.7119  182  8
 3   98    3.0  1.9052  182  9
 7  137   -7.0  1.1207  182  10
 5  151    8.0  0.6630  183  1
 6  140   -1.5  1.2105  183  2
 2  127   -3.0  3.0000  183  3
 3  128    4.0  1.7119  183  4
 2  151    8.5  3.0000  183  5
 3   48   -5.0  0.8560  183  6
 3   69   17.0  3.4239  183  7
 3  151    2.0  0.8560  183  8
 3  108    3.0  5.7155  183  9
 6  137   -8.0  1.5132  183  10
 5  151    8.0  0.6630  184  1
 6  140   -1.5  1.2105  184  2
 2  127   -3.0  3.0000  184  3
 3  128    4.0  1.7119  184  4
 2  151    8.5  3.0000  184  5
 3   48   -5.0  0.8560  184  6
 3   69   17.0  3.4239  184  7
 3  151    2.0  0.8560  184  8
 3  108    3.0  5.7155  184  9
 5  137  -10.0  1.3261  184  10
 5  151    8.0  0.6630  185  1
 6  140   -1.5  1.2105  185  2
 2  127   -3.0  3.0000  185  3
 3  128    4.0  1.7119  185  4
 2  151    8.5  3.0000  185  5
 3   48   -5.0  0.8560  185  6
 3   69   17.0  3.4239  185  7
 3  151    2.0  0.8560  185  8
 3  108    3.0  5.7155  185  9
 5  137  -10.0  1.3261  185  10
 5  151    8.0  0.6630  186  1
 6  140   -1.5  1.2105  186  2
 2  127   -3.0  3.0000  186  3
 3  128    4.0  1.7119  186  4
 2  151    8.5  3.0000  186  5
 3   48   -5.0  0.8560  186  6
 3   69   17.0  3.4239  186  7
 3  151    2.0  0.8560  186  8
 3  108    3.0  5.7155  186  9
 5  137  -10.0  1.3261  186  10
 5  151    8.0  0.6630  187  1
 6  140   -1.5  1.2105  187  2
 2  127   -3.0  3.0000  187  3
 3  128    4.0  1.7119  187  4
 2  151    8.5  3.0000  187  5
 3   48   -5.0  0.8560  187  6
 3   69   17.0  3.4239  187  7
 3  151    2.0  0.8560  187  8
 3  108    3.0  5.7155  187  9
 5  137  -10.0  1.3261  187  10
 5  151    8.0  0.6630  188  1
 6  140   -1.5  1.2105  188  2
 2  127   -3.0  3.0000  188  3
 3  128    4.0  1.7119  188  4
 2  151    8.5  3.0000  188  5
 3   48   -5.0  0.8560  188  6
 3   69   17.0  3.4239  188  7
 3  151    2.0  0.8560  188  8
 3  108    3.0  5.7155  188  9
 6  137   -9.5  1.2105  188  10
 5  151    8.0  0.6630  189  1
 6  140   -1.5  1.2105  189  2
 2  127   -3.0  3.0000  189  3
 3  151   -2.0  0.8560  189  4
 2  151    8.5  3.0000  189  5
 3   48   -5.0  0.8560  189  6
 3   69   17.0  3.4239  189  7
 3  151    2.0  0.8560  189  8
 3  108    3.0  5.7155  189  9
 6  137   -9.5  1.2105  189  10
 5  151    8.0  0.6630  190  1
 6  140   -1.5  1.2105  190  2
 2  127   -3.0  3.0000  190  3
 3  151   -2.0  0.8560  190  4
 2  151    8.5  3.0000  190  5
 3   48   -5.0  0.8560  190  6
 3   69   17.0  3.4239  190  7
 3  151    2.0  0.8560  190  8
 3  108    3.0  5.7155  190  9
 5  145   -9.0  1.3261  190  10
 5  151    8.0  0.6630  191  1
 6  140   -1.5  1.2105  191  2
 2  127   -3.0  3.0000  191  3
 3  151   -2.0  0.8560  191  4
 3  151    7.0  2.5679  191  5
 3   48   -5.0  0.8560  191  6
 3   98    4.0  1.7119  191  7
 3  151    2.0  0.8560  191  8
 3  108    3.0  5.7155  191  9
 4  145   -7.5  1.4826  191  10
 5  151    8.0  0.6630  192  1
 5  140   -2.0  1.3261  192  2
 2  127   -3.0  3.0000  192  3
 3  151   -2.0  0.8560  192  4
 3  151    7.0  2.5679  192  5
 3   48   -5.0  0.8560  192  6
 3   98    4.0  1.7119  192  7
 3  151    2.0  0.8560  192  8
 4  151    0.0  3.3358  192  9
 4  145   -7.5  1.4826  192  10
 5  151    8.0  0.6630  193  1
 5  140   -2.0  1.3261  193  2
 2  127   -3.0  3.0000  193  3
 4  151   -1.5  0.7413  193  4
 3  151    7.0  2.5679  193  5
 3   48   -5.0  0.8560  193  6
 3   98    4.0  1.7119  193  7
 3  151    2.0  0.8560  193  8
 4  151    0.0  3.3358  193  9
 4  145   -7.5  1.4826  193  10
 5  151    8.0  0.6630  194  1
 5  140   -2.0  1.3261  194  2
 2  127   -3.0  3.0000  194  3
 4  151   -1.5  0.7413  194  4
 3  151    7.0  2.5679  194  5
 3   48   -5.0  0.8560  194  6
 3   98    4.0  1.7119  194  7
 3  151    2.0  0.8560  194  8
 4  151    0.0  3.3358  194  9
 4  145   -7.5  1.4826  194  10
 5  151    8.0  0.6630  195  1
 5  140   -2.0  1.3261  195  2
 2  127   -3.0  3.0000  195  3
 4  151   -1.5  0.7413  195  4
 3  151    7.0  2.5679  195  5
 3   48   -5.0  0.8560  195  6
 3   98    4.0  1.7119  195  7
 3  151    2.0  0.8560  195  8
 5  151    3.0  1.9891  195  9
 4  145   -7.5  1.4826  195  10
 5  151    8.0  0.6630  196  1
 5  140   -2.0  1.3261  196  2
 2  127   -3.0  3.0000  196  3
 4  151   -1.5  0.7413  196  4
 3  151    7.0  2.5679  196  5
 3   48   -5.0  0.8560  196  6
 3   98    4.0  1.7119  196  7
 3  151    2.0  0.8560  196  8
 5  151    3.0  1.9891  196  9
 4  145   -7.5  1.4826  196  10
 5  151    8.0  0.6630  197  1
 4  151    1.0  2.2239  197  2
 2  127   -3.0  3.0000  197  3
 4  151   -1.5  0.7413  197  4
 3  151    7.0  2.5679  197  5
 3   48   -5.0  0.8560  197  6
 3   98    4.0  1.7119  197  7
 3  151    2.0  0.8560  197  8
 5  151    3.0  1.9891  197  9
 4  145   -7.5  1.4826  197  10
 5  151    8.0  0.6630  198  1
 4  151    1.0  2.2239  198  2
 2  127   -3.0  3.0000  198  3
 4  151   -1.5  0.7413  198  4
 3  151    7.0  2.5679  198  5
 3   48   -5.0  0.8560  198  6
 3   98    4.0  1.7119  198  7
 3  151    2.0  0.8560  198  8
 5  151    3.0  1.9891  198  9
 3  163   -9.0  0.8560  198  10
 5  151    8.0  0.6630  199  1
 4  151    1.0  2.2239  199  2
 2  127   -3.0  3.0000  199  3
 4  151   -1.5  0.7413  199  4
 3  151    7.0  2.5679  199  5
 3   48   -5.0  0.8560  199  6
 3   98    4.0  1.7119  199  7
 3  151    2.0  0.8560  199  8
 5  151    3.0  1.9891  199  9
 3  163   -9.0  0.8560  199  10
 5  151    8.0  0.6630  200  1
 4  151    1.0  2.2239  200  2
 2  127   -3.0  3.0000  200  3
 4  151   -1.5  0.7413  200  4
 3  151    7.0  2.5679  200  5
 3   48   -5.0  0.8560  200  6
 3   98    4.0  1.7119  200  7
 3  151    2.0  0.8560  200  8
 5  151    3.0  1.9891  200  9
 3  163   -9.0  0.8560  200  10
 5  151    8.0  0.6630  201  1
 4  151    1.0  2.2239  201  2
 2  127   -3.0  3.0000  201  3
 4  151   -1.5  0.7413  201  4
 3  151    7.0  2.5679  201  5
 3   48   -5.0  0.8560  201  6
 3   98    4.0  1.7119  201  7
 3  151    2.0  0.8560  201  8
 5  151    3.0  1.9891  201  9
 3  163   -9.0  0.8560  201  10
 5  151    8.0  0.6630  202  1
 5  151   -2.0  1.3261  202  2
 2  127   -3.0  3.0000  202  3
 4  151   -1.5  0.7413  202  4
 3  151    7.0  2.5679  202  5
 3   48   -5.0  0.8560  202  6
 3   98    4.0  1.7119  202  7
 3  151    2.0  0.8560  202  8
 5  151    3.0  1.9891  202  9
 3  163   -9.0  0.8560  202  10
 5  151    8.0  0.6630  203  1
 5  151   -2.0  1.3261  203  2
 2  127   -3.0  3.0000  203  3
 4  151   -1.5  0.7413  203  4
 3  151    7.0  2.5679  203  5
 3   48   -5.0  0.8560  203  6
 3   98    4.0  1.7119  203  7
 3  151    2.0  0.8560  203  8
 5  151    3.0  1.9891  203  9
 3  163   -9.0  0.8560  203  10
 5  151    8.0  0.6630  204  1
 5  151   -2.0  1.3261  204  2
 2  127   -3.0  3.0000  204  3
 4  151   -1.5  0.7413  204  4
 3  151    7.0  2.5679  204  5
 3   48   -5.0  0.8560  204  6
 3   98    4.0  1.7119  204  7
 3  151    2.0  0.8560  204  8
 5  151    3.0  1.9891  204  9
 3  163   -9.0  0.8560  204  10
 5  151    8.0  0.6630  205  1
 5  151   -2.0  1.3261  205  2
 2  127   -3.0  3.0000  205  3
 4  151   -1.5  0.7413  205  4
 3  151    7.0  2.5679  205  5
 3   48   -5.0  0.8560  205  6
 3   98    4.0  1.7119  205  7
 3  151    2.0  0.8560  205  8
 5  151    3.0  1.9891  205  9
 3  163   -9.0  0.8560  205  10
 7  151    8.0  1.1207  206  1
 6  151   -2.5  0.9079  206  2
 2  127   -3.0  3.0000  206  3
 4  151   -1.5  0.7413  206  4
 3  151    7.0  2.5679  206  5
 3   48   -5.0  0.8560  206  6
 3   98    4.0  1.7119  206  7
 3  151    2.0  0.8560  206  8
 5  151    3.0  1.9891  206  9
 3  163   -9.0  0.8560  206  10
 7  151    8.0  1.1207  207  1
 6  151   -2.5  0.9079  207  2
 2  127   -3.0  3.0000  207  3
 4  151   -1.5  0.7413  207  4
 3  151    7.0  2.5679  207  5
 3   48   -5.0  0.8560  207  6
 3   98    4.0  1.7119  207  7
 3  151    2.0  0.8560  207  8
 5  151    3.0  1.9891  207  9
 4  163   -7.0  1.8532  207  10
 7  151    8.0  1.1207  208  1
 6  151   -2.5  0.9079  208  2
 2  127   -3.0  3.0000  208  3
 4  151   -1.5  0.7413  208  4
 3  151    7.0  2.5679  208  5
 3   48   -5.0  0.8560  208  6
 3   98    4.0  1.7119  208  7
 3  151    2.0  0.8560  208  8
 5  151    3.0  1.9891  208  9
 4  163   -7.0  1.8532  208  10
 7  151    8.0  1.1207  209  1
 6  151   -2.5  0.9079  209  2
 2  127   -3.0  3.0000  209  3
 4  151   -1.5  0.7413  209  4
 3  151    7.0  2.5679  209  5
 3   48   -5.0  0.8560  209  6
 3   98    4.0  1.7119  209  7
 3  151    2.0  0.8560  209  8
 5  151    3.0  1.9891  209  9
 4  163   -7.0  1.8532  209  10
 7  151    8.0  1.1207  210  1
 6  151   -2.5  0.9079  210  2
 2  127   -3.0  3.0000  210  3
 4  151   -1.5  0.7413  210  4
 3  151    7.0  2.5679  210  5
 3   48   -5.0  0.8560  210  6
 3   98    4.0  1.7119  210  7
 5  151    1.0  1.3261  210  8
 5  151    3.0  1.9891  210  9
 3  171   -9.0  0.8560  210  10
 7  151    8.0  1.1207  211  1
 6  151   -2.5  0.9079  211  2
 2  127   -3.0  3.0000  211  3
 4  151   -1.5  0.7413  211  4
 3  151    7.0  2.5679  211  5
 3   48   -5.0  0.8560  211  6
 3   98    4.0  1.7119  211  7
 5  151    1.0  1.3261  211  8
 5  151    3.0  1.9891  211  9
 3  171   -9.0  0.8560  211  10
 3  175    9.0  0.8560  212  1
 3  193   -3.0  0.8560  212  2
 2  127   -3.0  3.0000  212  3
 3  161   -1.0  0.8560  212  4
 3  151    7.0  2.5679  212  5
 3   48   -5.0  0.8560  212  6
 3   98    4.0  1.7119  212  7
 3  175   -1.0  0.5443  212  8
 4  189    4.5  1.1119  212  9
 3  182   -6.0  2.5679  212  10
 3  175    9.0  0.8560  213  1
 3  193   -3.0  0.8560  213  2
 2  127   -3.0  3.0000  213  3
 3  161   -1.0  0.8560  213  4
 3  151    7.0  2.5679  213  5
 3   48   -5.0  0.8560  213  6
 3   98    4.0  1.7119  213  7
 3  175   -1.0  0.5443  213  8
 4  189    4.5  1.1119  213  9
 3  182   -6.0  2.5679  213  10
 3  175    9.0  0.8560  214  1
 3  193   -3.0  0.8560  214  2
 2  127   -3.0  3.0000  214  3
 3  161   -1.0  0.8560  214  4
 3  151    7.0  2.5679  214  5
 3   48   -5.0  0.8560  214  6
 3   98    4.0  1.7119  214  7
 3  175   -1.0  0.5443  214  8
 4  189    4.5  1.1119  214  9
 4  182   -5.0  1.4826  214  10
 3  175    9.0  0.8560  215  1
 3  193   -3.0  0.8560  215  2
 2  127   -3.0  3.0000  215  3
 3  161   -1.0  0.8560  215  4
 3  151    7.0  2.5679  215  5
 3   48   -5.0  0.8560  215  6
 3   98    4.0  1.7119  215  7
 3  175   -1.0  0.5443  215  8
 4  189    4.5  1.1119  215  9
 4  182   -5.0  1.4826  215  10
 3  175    9.0  0.8560  216  1
 3  193   -3.0  0.8560  216  2
 2  127   -3.0  3.0000  216  3
 3  161   -1.0  0.8560  216  4
 3  151    7.0  2.5679  216  5
 3   48   -5.0  0.8560  216  6
 3   98    4.0  1.7119  216  7
 3  175   -1.0  0.5443  216  8
 4  189    4.5  1.1119  216  9
 3  198   -4.0  1.7119  216  10
 3  175    9.0  0.8560  217  1
 3  193   -3.0  0.8560  217  2
 2  127   -3.0  3.0000  217  3
 3  161   -1.0  0.8560  217  4
 3  151    7.0  2.5679  217  5
 3   48   -5.0  0.8560  217  6
 3   98    4.0  1.7119  217  7
 3  175   -1.0  0.5443  217  8
 4  189    4.5  1.1119  217  9
 3  198   -4.0  1.7119  217  10
 3  175    9.0  0.8560  218  1
 3  193   -3.0  0.8560  218  2
 2  127   -3.0  3.0000  218  3
 3  161   -1.0  0.8560  218  4
 3  151    7.0  2.5679  218  5
 3   48   -5.0  0.8560  218  6
 3   98    4.0  1.7119  218  7
 3  175   -1.0  0.5443  218  8
 4  189    4.5  1.1119  218  9
 3  198   -4.0  1.7119  218  10
 3  175    9.0  0.8560  219  1
 3  193   -3.0  0.8560  219  2
 3  127   -1.0  3.4239  219  3
 3  161   -1.0  0.8560  219  4
 3  151    7.0  2.5679  219  5
 3   48   -5.0  0.8560  219  6
 3   98    4.0  1.7119  219  7
 3  175   -1.0  0.5443  219  8
 4  189    4.5  1.1119  219  9
 3  198   -4.0  1.7119  219  10
 3  175    9.0  0.8560  220  1
 3  193   -3.0  0.8560  220  2
 3  127   -1.0  3.4239  220  3
 3  161   -1.0  0.8560  220  4
 3  151    7.0  2.5679  220  5
 3   48   -5.0  0.8560  220  6
 3   98    4.0  1.7119  220  7
 3  175   -1.0  0.5443  220  8
 3  190    6.0  0.8165  220  9
 3  198   -4.0  1.7119  220  10
 3  175    9.0  0.8560  221  1
 3  193   -3.0  0.8560  221  2
 3  127   -1.0  3.4239  221  3
 3  187   -1.0  0.8560  221  4
 3  151    7.0  2.5679  221  5
 3   48   -5.0  0.8560  221  6
 3   98    4.0  1.7119  221  7
 3  175   -1.0  0.5443  221  8
 3  190    6.0  0.8165  221  9
 3  198   -4.0  1.7119  221  10
 3  175    9.0  0.8560  222  1
 3  193   -3.0  0.8560  222  2
 3  127   -1.0  3.4239  222  3
 3  187   -1.0  0.8560  222  4
 3  151    7.0  2.5679  222  5
 3   48   -5.0  0.8560  222  6
 3   98    4.0  1.7119  222  7
 3  175   -1.0  0.5443  222  8
 3  190    6.0  0.8165  222  9
 3  198   -4.0  1.7119  222  10
 3  175    9.0  0.8560  223  1
 3  193   -3.0  0.8560  223  2
 3  127   -1.0  3.4239  223  3
 3  187   -1.0  0.8560  223  4
 3  151    7.0  2.5679  223  5
 3   48   -5.0  0.8560  223  6
 3   98    4.0  1.7119  223  7
 3  175   -1.0  0.5443  223  8
 3  191    6.0  2.7217  223  9
 3  198   -4.0  1.7119  223  10
 3  175    9.0  0.8560  224  1
 3  193   -3.0  0.8560  224  2
 3  127   -1.0  3.4239  224  3
 3  187   -1.0  0.8560  224  4
 3  151    7.0  2.5679  224  5
 3   48   -5.0  0.8560  224  6
 3   98    4.0  1.7119  224  7
 3  175   -1.0  0.5443  224  8
 3  191    6.0  2.7217  224  9
 3  198   -4.0  1.7119  224  10
 3  175    9.0  0.8560  225  1
 3  193   -3.0  0.8560  225  2
 3  127   -1.0  3.4239  225  3
 3  187   -1.0  0.8560  225  4
 3  151    7.0  2.5679  225  5
 3   48   -5.0  0.8560  225  6
 3   98    4.0  1.7119  225  7
 3  175   -1.0  0.5443  225  8
 3  191    6.0  2.7217  225  9
 3  198   -4.0  1.7119  225  10
 3  175    9.0  0.8560  226  1
 3  193   -3.0  0.8560  226  2
 3  127   -1.0  3.4239  226  3
 3  187   -2.0  1.7119  226  4
 3  151    7.0  2.5679  226  5
 3   48   -5.0  0.8560  226  6
 3   98    4.0  1.7119  226  7
 3  175   -1.0  0.5443  226  8
 3  191    6.0  2.7217  226  9
 3  198   -4.0  1.7119  226  10
 3  175    9.0  0.8560  227  1
 3  193   -3.0  0.8560  227  2
 3  127   -1.0  3.4239  227  3
 3  187   -2.0  1.7119  227  4
 3  151    7.0  2.5679  227  5
 3   48   -5.0  0.8560  227  6
 3   98   10.0  5.1358  227  7
 3  175   -1.0  0.5443  227  8
 3  191    6.0  2.7217  227  9
 3  198   -4.0  1.7119  227  10
 3  175    9.0  0.8560  228  1
 3  193   -3.0  0.8560  228  2
 3  127   -1.0  3.4239  228  3
 3  187   -2.0  1.7119  228  4
 3  151    7.0  2.5679  228  5
 3   48   -5.0  0.8560  228  6
 3   98   10.0  5.1358  228  7
 3  175   -1.0  0.5443  228  8
 3  191    6.0  2.7217  228  9
 4  198   -4.0  0.7413  228  10
 3  175    9.0  0.8560  229  1
 3  193   -3.0  0.8560  229  2
 3  127   -1.0  3.4239  229  3
 3  187   -2.0  1.7119  229  4
 3  151    7.0  2.5679  229  5
 3   48   -5.0  0.8560  229  6
 3   98   10.0  5.1358  229  7
 3  175   -1.0  0.5443  229  8
 3  191    6.0  2.7217  229  9
 4  198   -4.0  0.7413  229  10
 3  175    9.0  0.8560  230  1
 3  193   -3.0  0.8560  230  2
 3  127   -1.0  3.4239  230  3
 3  187   -2.0  1.7119  230  4
 3  151    7.0  2.5679  230  5
 3   48   -5.0  0.8560  230  6
 3   98   10.0  5.1358  230  7
 3  175   -1.0  0.5443  230  8
 3  191    6.0  2.7217  230  9
 4  198   -4.0  0.7413  230  10
 3  175    9.0  0.8560  231  1
 3  193   -3.0  0.8560  231  2
 3  127   -1.0  3.4239  231  3
 3  187   -2.0  1.7119  231  4
 3  151    7.0  2.5679  231  5
 3   48   -5.0  0.8560  231  6
 3   98   10.0  5.1358  231  7
 3  175   -1.0  0.5443  231  8
 3  191    6.0  2.7217  231  9
 4  198   -4.0  0.7413  231  10
 3  175    9.0  0.8560  232  1
 3  193   -3.0  2.5679  232  2
 3  127   -1.0  3.4239  232  3
 3  187   -2.0  1.7119  232  4
 3  151    7.0  2.5679  232  5
 3   48   -5.0  0.8560  232  6
 3  138    6.0  1.7119  232  7
 3  175   -1.0  0.5443  232  8
 3  191    6.0  2.7217  232  9
 4  198   -4.0  0.7413  232  10
 3  175    9.0  0.8560  233  1
 3  193   -3.0  2.5679  233  2
 3  127   -1.0  3.4239  233  3
 3  187   -2.0  1.7119  233  4
 3  151    7.0  2.5679  233  5
 3   48   -5.0  0.8560  233  6
 3  138    6.0  1.7119  233  7
 3  202   -1.0  1.6330  233  8
 3  191    6.0  2.7217  233  9
 4  198   -4.0  0.7413  233  10
 3  175    9.0  0.8560  234  1
 3  193   -3.0  2.5679  234  2
 3  127   -1.0  3.4239  234  3
 3  187   -2.0  1.7119  234  4
 3  161    3.0  3.4239  234  5
 3   48   -5.0  0.8560  234  6
 3  138    6.0  1.7119  234  7
 3  202   -1.0  1.6330  234  8
 3  191    6.0  2.7217  234  9
 4  198   -4.0  0.7413  234  10
 3  175    9.0  0.8560  235  1
 3  193   -3.0  2.5679  235  2
 3  127   -1.0  3.4239  235  3
 3  187   -2.0  1.7119  235  4
 3  161    3.0  3.4239  235  5
 3   48   -5.0  0.8560  235  6
 3  138    6.0  1.7119  235  7
 3  202   -1.0  1.6330  235  8
 3  191    6.0  2.7217  235  9
 3  209   -4.0  0.5443  235  10
 3  175    9.0  0.8560  236  1
 3  193   -3.0  2.5679  236  2
 3  127   -1.0  3.4239  236  3
 3  187   -2.0  1.7119  236  4
 3  161    3.0  3.4239  236  5
 3   48   -5.0  0.8560  236  6
 3  138    6.0  1.7119  236  7
 3  202   -1.0  1.6330  236  8
 3  191    6.0  2.7217  236  9
 3  209   -4.0  0.5443  236  10
 3  175    9.0  0.8560  237  1
 3  193   -3.0  2.5679  237  2
 3  127   -1.0  3.4239  237  3
 3  187   -2.0  1.7119  237  4
 3  161    3.0  3.4239  237  5
 3   48   -5.0  0.8560  237  6
 3  138    6.0  1.7119  237  7
 3  202   -1.0  1.6330  237  8
 3  191    6.0  2.7217  237  9
 4  209   -4.0  0.7413  237  10
 3  175    9.0  0.8560  238  1
 3  193   -3.0  2.5679  238  2
 3  127   -1.0  3.4239  238  3
 3  187   -2.0  1.7119  238  4
 3  161    3.0  3.4239  238  5
 3   48   -5.0  0.8560  238  6
 3  138    6.0  1.7119  238  7
 3  202   -1.0  1.6330  238  8
 3  191    6.0  2.7217  238  9
 4  209   -4.0  0.7413  238  10
 3  175    9.0  0.8560  239  1
 3  193   -3.0  2.5679  239  2
 3  127   -1.0  3.4239  239  3
 3  187   -2.0  1.7119  239  4
 3  161    3.0  3.4239  239  5
 3   48   -5.0  0.8560  239  6
 3  138    6.0  1.7119  239  7
 3  202   -1.0  1.6330  239  8
 3  191    6.0  2.7217  239  9
 4  209   -4.0  0.7413  239  10
 3  175    9.0  0.8560  240  1
 3  193   -3.0  2.5679  240  2
 3  127   -1.0  3.4239  240  3
 4  220    0.0  1.4826  240  4
 3  161    3.0  3.4239  240  5
 3   48   -5.0  0.8560  240  6
 3  138    6.0  1.7119  240  7
 3  202   -1.0  1.6330  240  8
 3  193    2.0  3.4239  240  9
 3  213   -4.0  0.8165  240  10
 3  175    9.0  0.8560  241  1
 3  193   -3.0  2.5679  241  2
 3  208    6.0  2.5679  241  3
 4  220    0.0  1.4826  241  4
 3  161    3.0  3.4239  241  5
 3   48   -5.0  0.8560  241  6
 3  138    6.0  1.7119  241  7
 3  202   -1.0  1.6330  241  8
 3  193    2.0  3.4239  241  9
 3  213   -4.0  0.8165  241  10
 3  175    9.0  0.8560  242  1
 3  205   -3.0  2.5679  242  2
 3  208    6.0  2.5679  242  3
 4  220    0.0  1.4826  242  4
 3  161    3.0  3.4239  242  5
 3   48   -5.0  0.8560  242  6
 3  138    6.0  1.7119  242  7
 3  202   -1.0  1.6330  242  8
 3  193    2.0  3.4239  242  9
 3  213   -4.0  0.8165  242  10
 3  175    9.0  0.8560  243  1
 3  205   -3.0  2.5679  243  2
 3  208    6.0  2.5679  243  3
 4  220    0.0  1.4826  243  4
 3  188    3.0  4.2798  243  5
 3   48   -5.0  0.8560  243  6
 3  138    6.0  1.7119  243  7
 3  202   -1.0  1.6330  243  8
 3  193    2.0  3.4239  243  9
 3  213   -4.0  0.8165  243  10
 3  175    9.0  0.8560  244  1
 3  205   -3.0  2.5679  244  2
 3  208    6.0  2.5679  244  3
 4  220    0.0  1.4826  244  4
 3  188    3.0  4.2798  244  5
 3   48   -5.0  0.8560  244  6
 3  138    6.0  1.7119  244  7
 3  202   -1.0  1.6330  244  8
 3  193    2.0  3.4239  244  9
 3  213   -4.0  0.8165  244  10
 3  175    9.0  0.8560  245  1
 3  205   -3.0  2.5679  245  2
 3  208    6.0  2.5679  245  3
 4  220    0.0  1.4826  245  4
 3  188    3.0  4.2798  245  5
 3   48   -5.0  0.8560  245  6
 3  138    6.0  1.7119  245  7
 3  202   -1.0  1.6330  245  8
 3  193    2.0  3.4239  245  9
 3  213   -4.0  0.8165  245  10
 3  175    9.0  0.8560  246  1
 3  230    0.0  0.8560  246  2
 3  208    6.0  2.5679  246  3
 4  220    0.0  1.4826  246  4
 3  188    3.0  4.2798  246  5
 3   48   -5.0  0.8560  246  6
 3  138    6.0  1.7119  246  7
 3  202   -1.0  1.6330  246  8
 3  193    2.0  3.4239  246  9
 3  213   -4.0  0.8165  246  10
 3  175    9.0  0.8560  247  1
 3  230    0.0  0.8560  247  2
 3  208    6.0  2.5679  247  3
 3  223    0.0  3.4239  247  4
 3  188    3.0  4.2798  247  5
 3   48   -5.0  0.8560  247  6
 3  138    6.0  1.7119  247  7
 3  202   -1.0  1.6330  247  8
 3  193    2.0  3.4239  247  9
 3  213   -4.0  0.8165  247  10
 3  175    9.0  0.8560  248  1
 3  230    0.0  0.8560  248  2
 3  208    6.0  2.5679  248  3
 3  223    0.0  3.4239  248  4
 3  188    3.0  4.2798  248  5
 3   48   -5.0  0.8560  248  6
 3  138    6.0  1.7119  248  7
 3  202   -1.0  1.6330  248  8
 3  193    2.0  3.4239  248  9
 3  213   -4.0  0.8165  248  10
 3  175    9.0  0.8560  249  1
 3  230    0.0  0.8560  249  2
 3  208    6.0  2.5679  249  3
 3  223    0.0  3.4239  249  4
 3  188    3.0  4.2798  249  5
 3   48   -5.0  0.8560  249  6
 3  138    6.0  1.7119  249  7
 3  202   -1.0  1.6330  249  8
 3  193    2.0  3.4239  249  9
 3  213   -4.0  0.8165  249  10
 3  175    9.0  0.8560  250  1
 3  230    0.0  0.8560  250  2
 3  208    6.0  2.5679  250  3
 3  223    0.0  3.4239  250  4
 3  188    3.0  4.2798  250  5
 3   48   -5.0  0.8560  250  6
 3  138    6.0  1.7119  250  7
 3  202   -1.0  1.6330  250  8
 3  193    2.0  3.4239  250  9
 3  226   -4.0  0.8165  250  10
 3  175    9.0  0.8560  251  1
 3  230    0.0  0.8560  251  2
 3  208    6.0  2.5679  251  3
 3  223    0.0  3.4239  251  4
 3  188    3.0  4.2798  251  5
 3   48   -5.0  0.8560  251  6
 3  138    6.0  1.7119  251  7
 3  202   -1.0  1.6330  251  8
 3  193    2.0  3.4239  251  9
 3  226   -4.0  0.8165  251  10
 3  175    9.0  0.8560  252  1
 4  230   -1.0  1.1119  252  2
 3  208    6.0  2.5679  252  3
 3  223    0.0  3.4239  252  4
 3  188    3.0  4.2798  252  5
 3   48   -5.0  0.8560  252  6
 3  138    6.0  1.7119  252  7
 3  202   -1.0  1.6330  252  8
 3  193    2.0  3.4239  252  9
 3  235   -3.0  0.8560  252  10
 3  175    9.0  0.8560  253  1
 4  230   -1.0  1.1119  253  2
 3  208    6.0  2.5679  253  3
 3  223    0.0  3.4239  253  4
 3  188    3.0  4.2798  253  5
 3   48   -5.0  0.8560  253  6
 3  138    6.0  1.7119  253  7
 3  202    1.0  1.7119  253  8
 3  193    2.0  3.4239  253  9
 3  235   -3.0  0.8560  253  10
 3  204    3.0  5.1358  254  1
 4  241    0.5  0.3706  254  2
 3  236    3.0  2.5679  254  3
 3  223    0.0  3.4239  254  4
 3  188    3.0  4.2798  254  5
 3  151   -4.0  0.5443  254  6
 3  138    6.0  1.7119  254  7
 3  202    1.0  1.7119  254  8
 3  220   -3.0  0.8560  254  9
 3  235   -3.0  0.8560  254  10
 3  204    3.0  5.1358  255  1
 5  241    0.0  0.6630  255  2
 3  236    3.0  2.5679  255  3
 3  223    0.0  3.4239  255  4
 3  188    3.0  4.2798  255  5
 3  151   -4.0  0.5443  255  6
 3  138    6.0  1.7119  255  7
 3  232    2.0  0.8560  255  8
 3  238   -3.0  1.3608  255  9
 4  235   -3.5  0.3706  255  10
 3  248    3.0  1.7119  256  1
 5  241    0.0  0.6630  256  2
 3  236    3.0  2.5679  256  3
 3  235    0.0  2.5679  256  4
 3  188    3.0  4.2798  256  5
 3  151   -4.0  0.5443  256  6
 3  138    6.0  1.7119  256  7
 3  232    2.0  0.8560  256  8
 3  238   -3.0  1.3608  256  9
 4  235   -3.5  0.3706  256  10
 4  248    3.0  0.7413  257  1
 5  241    0.0  0.6630  257  2
 3  236    3.0  2.5679  257  3
 4  235    0.0  1.1119  257  4
 3  231    2.0  3.4239  257  5
 3  151   -4.0  0.5443  257  6
 3  138    6.0  1.7119  257  7
 3  232    2.0  0.8560  257  8
 3  238   -3.0  1.3608  257  9
 5  235   -3.0  0.6630  257  10
 5  248    3.0  1.3261  258  1
 5  241    0.0  0.6630  258  2
 3  236    3.0  2.5679  258  3
 4  235    0.0  1.1119  258  4
 3  231    2.0  3.4239  258  5
 3  151   -4.0  0.5443  258  6
 3  138    6.0  1.7119  258  7
 3  232    2.0  0.8560  258  8
 4  238   -0.5  1.8532  258  9
 4  248   -3.5  0.3706  258  10
 5  248    3.0  1.3261  259  1
 6  241   -0.5  0.6053  259  2
 3  236    3.0  2.5679  259  3
 4  235    0.0  1.1119  259  4
 3  234    7.0  4.2798  259  5
 3  151   -4.0  0.5443  259  6
 3  138    6.0  1.7119  259  7
 3  232    2.0  0.8560  259  8
 4  238   -0.5  1.8532  259  9
 4  248   -3.5  0.3706  259  10
 5  248    3.0  1.3261  260  1
 6  241   -0.5  0.6053  260  2
 3  236    3.0  2.5679  260  3
 3  238    0.0  2.5679  260  4
 3  234    7.0  4.2798  260  5
 3  151   -4.0  0.5443  260  6
 3  138    6.0  1.7119  260  7
 3  250    1.0  0.8560  260  8
 3  252   -3.0  2.1773  260  9
 5  248   -4.0  0.6630  260  10
 5  248    3.0  1.3261  261  1
 5  244   -1.0  0.6630  261  2
 3  236    3.0  2.5679  261  3
 3  238    0.0  2.5679  261  4
 3  234    7.0  4.2798  261  5
 3  151   -4.0  0.5443  261  6
 3  138    6.0  1.7119  261  7
 3  250    1.0  0.8560  261  8
 4  252   -0.5  1.8532  261  9
 6  248   -3.5  1.2105  261  10
 5  248    3.0  1.3261  262  1
 6  244   -0.5  0.3026  262  2
 3  236    3.0  2.5679  262  3
 3  238    0.0  2.5679  262  4
 3  244    2.0  1.7119  262  5
 3  151   -4.0  0.5443  262  6
 3  138    6.0  1.7119  262  7
 3  250    1.0  0.8560  262  8
 4  252   -0.5  1.8532  262  9
 6  248   -3.5  1.2105  262  10
 6  248    3.0  0.6053  263  1
 6  244   -0.5  0.3026  263  2
 3  239    3.0  1.3608  263  3
 3  238    0.0  2.5679  263  4
 3  244    2.0  1.7119  263  5
 3  151   -4.0  0.5443  263  6
 3  138    6.0  1.7119  263  7
 3  250    1.0  0.8560  263  8
 4  252   -0.5  1.8532  263  9
 7  248   -3.0  0.5604  263  10
 7  248    3.0  1.1207  264  1
 5  251   -1.0  0.6630  264  2
 3  239    3.0  1.3608  264  3
 3  238    0.0  2.5679  264  4
 3  244    2.0  1.7119  264  5
 3  151   -4.0  0.5443  264  6
 3  138    6.0  1.7119  264  7
 3  250    1.0  0.8560  264  8
 4  252   -0.5  1.8532  264  9
 7  248   -3.0  0.5604  264  10
 7  248    3.0  1.1207  265  1
 5  251   -1.0  0.6630  265  2
 3  239    3.0  1.3608  265  3
 3  238    0.0  2.5679  265  4
 4  244    3.0  1.4826  265  5
 3  151   -4.0  0.5443  265  6
 3  138    6.0  1.7119  265  7
 3  250    1.0  0.8560  265  8
 4  252   -0.5  1.8532  265  9
 7  248   -3.0  0.5604  265  10
 6  248    4.0  0.6053  266  1
 5  251   -1.0  0.6630  266  2
 3  239    3.0  1.3608  266  3
 3  238    0.0  2.5679  266  4
 4  244    3.0  1.4826  266  5
 3  151   -4.0  0.5443  266  6
 3  138    6.0  1.7119  266  7
 3  250    1.0  0.8560  266  8
 4  252   -0.5  1.8532  266  9
 6  250   -3.0  1.2105  266  10
 6  248    4.0  0.6053  267  1
 8  251    0.5  0.7863  267  2
 3  239    3.0  1.3608  267  3
 3  238    0.0  2.5679  267  4
 4  244    3.0  1.4826  267  5
 3  151   -4.0  0.5443  267  6
 3  138    6.0  1.7119  267  7
 3  250    1.0  0.8560  267  8
 4  252   -0.5  1.8532  267  9
 6  250   -3.0  1.2105  267  10
 7  248    5.0  1.1207  268  1
 7  251    1.0  1.1207  268  2
 3  239    3.0  1.3608  268  3
 3  238    0.0  2.5679  268  4
 4  244    3.0  1.4826  268  5
 3  151   -4.0  0.5443  268  6
 3  138    6.0  1.7119  268  7
 3  250    1.0  0.8560  268  8
 5  252    2.0  1.9891  268  9
 5  253   -3.0  1.9891  268  10
 6  248    5.5  0.6053  269  1
 6  251    1.0  1.2105  269  2
 3  239    3.0  1.3608  269  3
 3  238    0.0  2.5679  269  4
 4  244    3.0  1.4826  269  5
 3  151   -4.0  0.5443  269  6
 3  138    6.0  1.7119  269  7
 3  250    1.0  0.8560  269  8
 4  254    2.0  1.1119  269  9
 5  253   -3.0  1.9891  269  10
 5  252    6.0  0.6630  270  1
 6  257    1.5  1.2105  270  2
 3  239    3.0  1.3608  270  3
 3  253   -2.0  0.8560  270  4
 4  244    3.0  1.4826  270  5
 3  165   -4.0  1.6330  270  6
 3  225    6.0  3.4239  270  7
 3  250    1.0  0.8560  270  8
 3  256    2.0  0.8165  270  9
 4  253   -1.5  1.8532  270  10
 4  256    6.0  0.3706  271  1
 6  257    1.5  1.2105  271  2
 3  239    3.0  1.3608  271  3
 3  253   -2.0  0.8560  271  4
 4  244    4.0  1.1119  271  5
 3  165   -4.0  1.6330  271  6
 3  225    6.0  3.4239  271  7
 3  250    1.0  0.8560  271  8
 3  256    2.0  0.8165  271  9
 3  257   -3.0  2.5679  271  10
 3  260    6.0  0.8165  272  1
 5  259    2.0  1.3261  272  2
 3  239    3.0  1.3608  272  3
 3  255    0.0  1.7119  272  4
 3  259    4.0  1.0887  272  5
 3  165   -4.0  1.6330  272  6
 3  225    6.0  3.4239  272  7
 3  253    2.0  1.7119  272  8
 3  256    2.0  0.8165  272  9
 3  257   -3.0  2.5679  272  10
 4  260    4.5  1.1119  273  1
 7  259    2.0  1.1207  273  2
 3  239    3.0  1.3608  273  3
 3  255    0.0  1.7119  273  4
 3  259    4.0  1.0887  273  5
 3  165   -4.0  1.6330  273  6
 3  229    6.0  1.0887  273  7
 3  253    2.0  1.7119  273  8
 3  256    2.0  0.8165  273  9
 3  257   -3.0  2.5679  273  10
 5  260    3.0  1.9891  274  1
 7  259    2.0  1.1207  274  2
 3  239    3.0  1.3608  274  3
 3  255    0.0  1.7119  274  4
 3  259    4.0  1.0887  274  5
 3  165   -4.0  1.6330  274  6
 3  266    4.0  1.7119  274  7
 3  253    2.0  1.7119  274  8
 3  256    2.0  0.8165  274  9
 3  257   -3.0  2.5679  274  10
 7  260    3.0  1.6811  275  1
 8  259    2.5  0.7863  275  2
 3  239    3.0  1.3608  275  3
 4  268   -1.0  1.8532  275  4
 3  259    4.0  1.0887  275  5
 3  165  -10.0  1.7119  275  6
 4  266    5.0  1.4826  275  7
 3  255   -1.0  1.7119  275  8
 3  258    2.0  1.9052  275  9
 3  257   -3.0  2.5679  275  10
 7  260    3.0  1.6811  276  1
 7  259    3.0  1.1207  276  2
 3  252   -2.0  1.7119  276  3
 4  268   -1.0  1.8532  276  4
 3  259    4.0  1.0887  276  5
 3  165  -10.0  1.7119  276  6
 4  266    5.0  1.4826  276  7
 3  268   -1.0  0.8560  276  8
 3  258    2.0  1.9052  276  9
 3  257   -3.0  2.5679  276  10
 6  260    2.5  2.1184  277  1
 7  259    3.0  1.1207  277  2
 3  252   -2.0  1.7119  277  3
 4  268   -1.0  1.8532  277  4
 3  259    4.0  1.0887  277  5
 3  165  -10.0  1.7119  277  6
 4  266    5.0  1.4826  277  7
 3  268   -1.0  0.8560  277  8
 3  258    2.0  1.9052  277  9
 3  257   -3.0  2.5679  277  10
 6  260    2.5  1.2105  278  1
 8  259    2.5  0.7863  278  2
 3  252   -2.0  1.7119  278  3
 4  268   -1.0  1.8532  278  4
 3  259    4.0  1.0887  278  5
 3  165  -10.0  1.7119  278  6
 5  266    6.0  2.6521  278  7
 3  268   -1.0  0.8560  278  8
 3  265   -5.0  2.5679  278  9
 3  262   -5.0  0.8560  278  10
 6  260    2.5  1.2105  279  1
 8  259    2.5  0.7863  279  2
 3  252   -2.0  1.7119  279  3
 5  268   -2.0  1.3261  279  4
 3  263    4.0  0.2722  279  5
 3  165  -10.0  1.7119  279  6
 5  266    6.0  2.6521  279  7
 3  268   -1.0  0.8560  279  8
 3  265   -5.0  2.5679  279  9
 3  262   -5.0  0.8560  279  10
 6  260    2.5  1.2105  280  1
 8  259    2.5  0.7863  280  2
 3  252   -2.0  1.7119  280  3
 6  268   -1.5  0.6053  280  4
 3  263    4.0  0.2722  280  5
 3  165  -10.0  1.7119  280  6
 5  266    6.0  2.6521  280  7
 3  268   -1.0  0.8560  280  8
 3  265   -5.0  2.5679  280  9
 3  262   -5.0  0.8560  280  10
 6  260    2.5  1.2105  281  1
 5  266    1.0  1.3261  281  2
 3  252   -2.0  1.7119  281  3
 6  268   -1.5  0.6053  281  4
 3  263    4.0  0.2722  281  5
 3  165  -10.0  1.7119  281  6
 5  266    6.0  2.6521  281  7
 3  268   -1.0  0.8560  281  8
 3  265   -5.0  2.5679  281  9
 3  262   -5.0  0.8560  281  10
 5  271    2.0  0.6630  282  1
 5  266    1.0  1.3261  282  2
 3  252   -2.0  1.7119  282  3
 6  268   -1.5  0.6053  282  4
 3  263    4.0  0.2722  282  5
 3  165  -10.0  1.7119  282  6
 6  266    5.0  1.8158  282  7
 3  268   -1.0  0.8560  282  8
 3  265   -5.0  2.5679  282  9
 3  276   -6.0  0.8560  282  10
 6  271    1.0  1.2105  283  1
 5  266    1.0  1.3261  283  2
 3  252   -2.0  1.7119  283  3
 6  268   -1.5  0.6053  283  4
 3  263    4.0  0.2722  283  5
 3  165  -10.0  1.7119  283  6
 6  266    5.0  1.8158  283  7
 4  268   -1.5  0.3706  283  8
 3  265   -5.0  2.5679  283  9
 3  276   -6.0  0.8560  283  10
 6  271    1.0  1.2105  284  1
 5  266    1.0  1.3261  284  2
 3  252   -2.0  1.7119  284  3
 5  270   -1.0  0.6630  284  4
 3  263    4.0  0.2722  284  5
 3  165  -10.0  1.7119  284  6
 5  271    6.0  2.6521  284  7
 4  268   -1.5  0.3706  284  8
 4  273   -6.5  1.8532  284  9
 4  276   -7.0  1.1119  284  10
 6  271    1.0  1.2105  285  1
 5  266    1.0  1.3261  285  2
 3  252   -2.0  1.7119  285  3
 5  270   -1.0  0.6630  285  4
 3  263    4.0  0.2722  285  5
 3  165  -10.0  1.7119  285  6
 5  271    6.0  2.6521  285  7
 5  268   -2.0  0.6630  285  8
 5  273   -5.0  1.3261  285  9
 4  276   -7.0  1.1119  285  10
 6  271    1.0  1.2105  286  1
 5  266    1.0  1.3261  286  2
 3  252   -2.0  1.7119  286  3
 5  270   -2.0  0.6630  286  4
 3  268    4.0  0.8560  286  5
 3  165  -10.0  1.7119  286  6
 5  271    6.0  2.6521  286  7
 4  268   -2.0  0.3706  286  8
 6  273   -4.5  1.5132  286  9
 5  276   -7.0  0.6630  286  10
 5  271    0.0  1.9891  287  1
 4  268    2.0  1.1119  287  2
 3  252   -2.0  1.7119  287  3
 5  270   -2.0  0.6630  287  4
 3  268    4.0  0.8560  287  5
 3  165  -10.0  1.7119  287  6
 5  271    6.0  2.6521  287  7
 4  268   -2.0  0.3706  287  8
 6  273   -4.5  1.5132  287  9
 6  276   -6.5  0.9079  287  10
 4  273    1.0  1.1119  288  1
 4  268    2.0  1.1119  288  2
 3  259    3.0  5.9918  288  3
 5  270   -2.0  0.6630  288  4
 3  268    4.0  0.8560  288  5
 3  165  -10.0  1.7119  288  6
 5  271   10.0  0.6630  288  7
 5  268   -2.0  0.6630  288  8
 6  273   -4.5  1.5132  288  9
 6  276   -6.5  0.9079  288  10
 3  274    0.0  2.5679  289  1
 4  268    2.0  1.1119  289  2
 4  278    2.5  2.9652  289  3
 3  275   -2.0  0.8560  289  4
 3  268    4.0  0.8560  289  5
 3  165  -10.0  1.7119  289  6
 6  276    8.0  1.5132  289  7
 5  274   -2.0  2.6521  289  8
 5  276   -4.0  2.6521  289  9
 6  276   -6.5  0.9079  289  10
 3  276    3.0  2.5679  290  1
 4  268    2.0  1.1119  290  2
 4  283    2.5  2.9652  290  3
 3  275   -2.0  0.8560  290  4
 3  268    4.0  0.8560  290  5
 3  165  -10.0  1.7119  290  6
 6  276    8.0  1.5132  290  7
 4  280    0.0  1.4826  290  8
 5  276   -4.0  2.6521  290  9
 6  276   -6.5  0.9079  290  10
 3  276    3.0  2.5679  291  1
 3  272   -1.0  3.4239  291  2
 4  283    2.5  2.9652  291  3
 5  275   -2.0  0.6630  291  4
 4  268    6.5  2.2239  291  5
 3  165  -10.0  1.7119  291  6
 6  276    8.0  1.5132  291  7
 4  280    0.0  1.4826  291  8
 5  276   -4.0  2.6521  291  9
 7  276   -6.0  0.5604  291  10
 3  281    0.0  1.7119  292  1
 3  272   -1.0  3.4239  292  2
 4  283    2.5  2.9652  292  3
 5  275   -2.0  0.6630  292  4
 4  268    6.5  2.2239  292  5
 3  165  -12.0  3.4239  292  6
 6  277    6.0  1.2105  292  7
 5  280   -2.0  2.6521  292  8
 4  280   -3.5  1.8532  292  9
 5  279   -7.0  1.3261  292  10
 3  281    0.0  1.7119  293  1
 3  285   -2.0  2.5679  293  2
 5  283    1.0  3.3151  293  3
 4  275   -2.0  0.7413  293  4
 3  271    9.0  0.8560  293  5
 3  165  -12.0  3.4239  293  6
 6  277    6.0  1.2105  293  7
 5  280   -2.0  2.6521  293  8
 4  280   -3.5  1.8532  293  9
 5  279   -7.0  1.3261  293  10
 3  281    0.0  1.7119  294  1
 6  285    2.0  2.4210  294  2
 5  283    1.0  3.3151  294  3
 3  283   -3.0  1.7119  294  4
 3  271    9.0  0.8560  294  5
 3  165  -12.0  3.4239  294  6
 6  277    6.0  1.2105  294  7
 5  280   -2.0  2.6521  294  8
 4  280   -3.5  1.8532  294  9
 7  279   -6.0  1.1207  294  10
 3  281    0.0  1.7119  295  1
 7  285    5.0  2.2414  295  2
 5  283    1.0  3.3151  295  3
 3  283   -3.0  1.7119  295  4
 3  271    9.0  0.8560  295  5
 3  165  -12.0  3.4239  295  6
 6  277    6.0  1.2105  295  7
 5  280   -2.0  2.6521  295  8
 4  280   -3.5  1.8532  295  9
 7  279   -6.0  1.1207  295  10
 4  281   -1.0  2.5945  296  1
 9  285    4.0  1.9768  296  2
 5  283    1.0  3.3151  296  3
 3  283   -3.0  1.7119  296  4
 3  271    9.0  0.8560  296  5
 3  165  -12.0  3.4239  296  6
 5  281    7.0  1.3261  296  7
 5  280   -2.0  2.6521  296  8
 4  280   -3.5  1.8532  296  9
 6  281   -5.5  0.9079  296  10
 3  286   -2.0  4.2798  297  1
 9  285    4.0  1.9768  297  2
 5  283    1.0  3.3151  297  3
 3  283   -3.0  1.7119  297  4
 3  271    9.0  0.8560  297  5
 3  273  -12.0  2.5679  297  6
 5  281    7.0  1.3261  297  7
 4  284   -2.0  2.9652  297  8
 4  280   -3.5  1.8532  297  9
 6  281   -5.5  0.9079  297  10
 3  286   -2.0  4.2798  298  1
10  285    4.5  1.6409  298  2
 5  283    1.0  3.3151  298  3
 3  283   -4.0  0.8560  298  4
 3  271    9.0  0.8560  298  5
 3  273  -12.0  2.5679  298  6
 5  281    7.0  1.3261  298  7
 4  284   -2.0  2.9652  298  8
 3  282   -4.0  4.2798  298  9
 5  281   -5.0  0.6630  298  10
 5  286   -2.0  3.3151  299  1
12  285    2.5  1.2840  299  2
 6  283   -1.0  1.8158  299  3
 3  283   -4.0  0.8560  299  4
 3  283    9.0  0.8560  299  5
 3  273  -12.0  2.5679  299  6
 6  281    6.0  0.6053  299  7
 4  287    2.0  1.7321  299  8
 3  282   -4.0  4.2798  299  9
 6  281   -5.5  0.9079  299  10
 6  286    0.5  2.4210  300  1
13  285    4.0  1.2336  300  2
 7  283   -3.0  0.5604  300  3
 3  283   -4.0  0.8560  300  4
 3  283    9.0  0.8560  300  5
 3  273  -12.0  2.5679  300  6
 6  281    6.0  0.6053  300  7
 4  287    2.0  1.7321  300  8
 4  283   -4.5  0.7413  300  9
 5  281   -5.0  0.6630  300  10
 6  286    0.5  2.4210  301  1
14  285    3.0  0.9906  301  2
 8  283   -1.0  1.5725  301  3
 3  283   -4.0  0.8560  301  4
 3  283    9.0  0.8560  301  5
 3  273  -12.0  2.5679  301  6
 6  281    6.0  0.6053  301  7
 4  287    2.0  1.7321  301  8
 4  283   -4.5  0.7413  301  9
 6  288   -5.0  0.6053  301  10
 8  286    1.5  1.8346  302  1
15  285    2.0  0.7656  302  2
 7  283   -3.0  0.5604  302  3
 3  283   -4.0  0.8560  302  4
 3  283    9.0  0.8560  302  5
 3  273  -12.0  2.5679  302  6
 5  281    5.0  0.5657  302  7
 4  288    2.0  0.3706  302  8
 4  298   -4.5  0.7413  302  9
 6  288   -5.0  0.6053  302  10
 9  286    3.0  1.4826  303  1
17  285    2.0  0.7192  303  2
 6  285   -3.0  0.6053  303  3
 3  288   -4.0  2.5679  303  4
 3  283    9.0  0.8560  303  5
 3  288   -9.0  1.9052  303  6
 4  281    6.5  1.1119  303  7
 4  288    2.0  0.3706  303  8
 6  298   -5.5  1.2105  303  9
 7  288   -5.0  0.5604  303  10
 9  286    0.0  1.9768  304  1
19  285    2.0  0.6803  304  2
 6  290   -1.5  1.2105  304  3
 4  288   -2.0  2.2239  304  4
 3  287    7.0  2.5679  304  5
 3  288   -9.0  1.9052  304  6
 4  281    6.5  1.1119  304  7
 4  288    1.0  1.1119  304  8
 7  298   -5.0  1.6811  304  9
 7  288   -5.0  0.5604  304  10
10  286    1.5  1.4065  305  1
19  286    2.0  0.6803  305  2
 6  290   -1.5  1.2105  305  3
 4  296    1.0  1.1119  305  4
 3  287    7.0  2.5679  305  5
 3  288   -9.0  1.9052  305  6
 4  281    6.5  1.1119  305  7
 5  288    0.0  1.9891  305  8
 7  298   -5.0  1.6811  305  9
 6  289   -4.5  0.6053  305  10
10  294    1.5  1.1721  306  1
21  286    2.0  0.6471  306  2
 6  290   -1.5  1.2105  306  3
 5  296    0.0  1.3261  306  4
 3  287    7.0  2.5679  306  5
 3  288   -9.0  1.9052  306  6
 3  298    8.0  2.5679  306  7
 4  298    0.5  1.4826  306  8
 7  298   -5.0  1.6811  306  9
 6  289   -4.5  0.6053  306  10
13  294    0.0  1.2336  307  1
22  286    2.0  0.6322  307  2
 6  297    0.0  1.5132  307  3
 7  296    0.0  1.1207  307  4
 3  298    7.0  0.8560  307  5
 3  288   -9.0  1.9052  307  6
 3  298    8.0  2.5679  307  7
 5  298    0.0  1.3261  307  8
 7  298   -5.0  1.6811  307  9
 6  289   -4.5  0.6053  307  10
11  300    1.0  2.0     309  1
13  300    2.0  2.0     309  2
 3  300    3.0  1.6     309  3
 7  300    0.0  1.5     309  4
 4  300    4.5  1.5     309  5
 3  300   -9.0  2.8     309  6
 4  300   11.0  2.0     309  7
 4  300    1.0  3.0     309  8
 6  300   -5.0  3.5     309  9
 4  300   -3.5  1.0     309  10
