1   037  -8.00   0.00    161  1  
0   001  -10.00  -999.00 161  2  
3   154  13.00   1.98    161  3  
2   124  17.31   1.02    161  4  
3   139  -2.00   3.62    161  5  
3   139  -11.00  5.93    161  6  
2   160  2.50    0.74    161  7  
3   153  1.00    1.65    161  8  
3   145  0.00    2.31    161  9  
3   139  4.00    4.28    161  10 
4   159  12.00   6.46    161  11 
0   001  10.00   -999.00 161  12 
2   118  3.48    5.17    161  13 
0   001  10.00   -999.00 161  14 
1   006  19.00   0.00    161  15 
4   155  1.90    2.19    161  16 
3   147  -4.00   9.88    161  17 
2   118  -10.50  3.71    161  18 
1   037  -8.00   0.00    160  1  
0   001  -10.00  -999.00 160  2  
3   154  13.00   1.98    160  3  
2   124  17.31   1.02    160  4  
3   139  -2.00   3.62    160  5  
3   139  -11.00  5.93    160  6  
2   160  2.50    0.74    160  7  
3   153  1.00    1.65    160  8  
3   145  0.00    2.31    160  9  
3   139  4.00    4.28    160  10 
4   159  12.00   6.46    160  11 
0   001  10.00   -999.00 160  12 
2   118  3.48    5.17    160  13 
0   001  10.00   -999.00 160  14 
1   006  19.00   0.00    160  15 
4   155  1.90    2.19    160  16 
3   147  -4.00   9.88    160  17 
2   118  -10.50  3.71    160  18 
1   037  -8.00   0.00    159  1  
0   001  -10.00  -999.00 159  2  
3   154  13.00   1.98    159  3  
2   124  17.31   1.02    159  4  
3   139  -2.00   3.62    159  5  
3   139  -11.00  5.93    159  6  
1   156  2.00    0.00    159  7  
3   153  1.00    1.65    159  8  
3   145  0.00    2.31    159  9  
3   139  4.00    4.28    159  10 
4   159  12.00   6.46    159  11 
0   001  10.00   -999.00 159  12 
2   118  3.48    5.17    159  13 
0   001  10.00   -999.00 159  14 
1   006  19.00   0.00    159  15 
4   155  1.90    2.19    159  16 
3   147  -4.00   9.88    159  17 
2   118  -10.50  3.71    159  18 
1   037  -8.00   0.00    158  1  
0   001  -10.00  -999.00 158  2  
3   154  13.00   1.98    158  3  
2   124  17.31   1.02    158  4  
3   139  -2.00   3.62    158  5  
3   139  -11.00  5.93    158  6  
1   156  2.00    0.00    158  7  
3   153  1.00    1.65    158  8  
3   145  0.00    2.31    158  9  
3   139  4.00    4.28    158  10 
3   155  9.00    5.41    158  11 
0   001  10.00   -999.00 158  12 
2   118  3.48    5.17    158  13 
0   001  10.00   -999.00 158  14 
1   006  19.00   0.00    158  15 
4   155  1.90    2.19    158  16 
3   147  -4.00   9.88    158  17 
2   118  -10.50  3.71    158  18 
1   037  -8.00   0.00    157  1  
0   001  -10.00  -999.00 157  2  
3   154  13.00   1.98    157  3  
2   124  17.31   1.02    157  4  
3   139  -2.00   3.62    157  5  
3   139  -11.00  5.93    157  6  
1   156  2.00    0.00    157  7  
3   153  1.00    1.65    157  8  
3   145  0.00    2.31    157  9  
3   139  4.00    4.28    157  10 
3   155  9.00    5.41    157  11 
0   001  10.00   -999.00 157  12 
2   118  3.48    5.17    157  13 
0   001  10.00   -999.00 157  14 
1   006  19.00   0.00    157  15 
5   155  1.80    2.66    157  16 
3   147  -4.00   9.88    157  17 
2   118  -10.50  3.71    157  18 
1   037  -8.00   0.00    156  1  
0   001  -10.00  -999.00 156  2  
3   154  13.00   1.98    156  3  
2   124  17.31   1.02    156  4  
3   139  -2.00   3.62    156  5  
3   139  -11.00  5.93    156  6  
1   156  2.00    0.00    156  7  
3   153  1.00    1.65    156  8  
3   145  0.00    2.31    156  9  
3   139  4.00    4.28    156  10 
3   155  9.00    5.41    156  11 
0   001  10.00   -999.00 156  12 
2   118  3.48    5.17    156  13 
0   001  10.00   -999.00 156  14 
1   006  19.00   0.00    156  15 
5   155  1.80    2.66    156  16 
3   147  -4.00   9.88    156  17 
2   118  -10.50  3.71    156  18 
1   037  -8.00   0.00    155  1  
0   001  -10.00  -999.00 155  2  
3   154  13.00   1.98    155  3  
2   124  17.31   1.02    155  4  
3   139  -2.00   3.62    155  5  
3   139  -11.00  5.93    155  6  
1   122  -1.00   0.00    155  7  
3   153  1.00    1.65    155  8  
3   145  0.00    2.31    155  9  
3   139  4.00    4.28    155  10 
3   155  9.00    5.41    155  11 
0   001  10.00   -999.00 155  12 
2   118  3.48    5.17    155  13 
0   001  10.00   -999.00 155  14 
1   006  19.00   0.00    155  15 
5   155  1.80    2.66    155  16 
3   147  -4.00   9.88    155  17 
2   118  -10.50  3.71    155  18 
1   037  -8.00   0.00    154  1  
0   001  -10.00  -999.00 154  2  
3   154  13.00   1.98    154  3  
2   124  17.31   1.02    154  4  
3   139  -2.00   3.62    154  5  
3   139  -11.00  5.93    154  6  
1   122  -1.00   0.00    154  7  
3   153  1.00    1.65    154  8  
3   145  0.00    2.31    154  9  
3   139  4.00    4.28    154  10 
3   151  9.00    3.91    154  11 
0   001  10.00   -999.00 154  12 
2   118  3.48    5.17    154  13 
0   001  10.00   -999.00 154  14 
1   006  19.00   0.00    154  15 
4   149  0.10    2.74    154  16 
3   147  -4.00   9.88    154  17 
2   118  -10.50  3.71    154  18 
1   037  -8.00   0.00    153  1  
0   001  -10.00  -999.00 153  2  
3   143  10.00   5.60    153  3  
2   124  17.31   1.02    153  4  
3   139  -2.00   3.62    153  5  
3   139  -11.00  5.93    153  6  
1   122  -1.00   0.00    153  7  
3   153  1.00    1.65    153  8  
3   145  0.00    2.31    153  9  
3   139  4.00    4.28    153  10 
3   151  9.00    3.91    153  11 
0   001  10.00   -999.00 153  12 
2   118  3.48    5.17    153  13 
0   001  10.00   -999.00 153  14 
1   006  19.00   0.00    153  15 
4   149  0.10    2.74    153  16 
3   147  -4.00   9.88    153  17 
2   118  -10.50  3.71    153  18 
1   037  -8.00   0.00    152  1  
0   001  -10.00  -999.00 152  2  
3   143  10.00   5.60    152  3  
2   124  17.31   1.02    152  4  
3   139  -2.00   3.62    152  5  
3   139  -11.00  5.93    152  6  
1   122  -1.00   0.00    152  7  
3   140  -1.00   6.46    152  8  
3   145  0.00    2.31    152  9  
3   139  4.00    4.28    152  10 
3   151  9.00    3.91    152  11 
0   001  10.00   -999.00 152  12 
2   118  3.48    5.17    152  13 
0   001  10.00   -999.00 152  14 
1   006  19.00   0.00    152  15 
5   149  1.80    4.34    152  16 
3   147  -4.00   9.88    152  17 
2   118  -10.50  3.71    152  18 
1   037  -8.00   0.00    151  1  
0   001  -10.00  -999.00 151  2  
3   143  10.00   5.60    151  3  
2   124  17.31   1.02    151  4  
3   139  -2.00   3.62    151  5  
3   139  -11.00  5.93    151  6  
1   122  -1.00   0.00    151  7  
3   140  -1.00   6.46    151  8  
3   145  0.00    2.31    151  9  
3   139  4.00    4.28    151  10 
3   151  9.00    3.91    151  11 
0   001  10.00   -999.00 151  12 
2   118  3.48    5.17    151  13 
0   001  10.00   -999.00 151  14 
1   006  19.00   0.00    151  15 
5   149  1.80    4.34    151  16 
3   147  -4.00   9.88    151  17 
2   118  -10.50  3.71    151  18 
1   037  -8.00   0.00    150  1  
0   001  -10.00  -999.00 150  2  
3   143  10.00   5.60    150  3  
2   124  17.31   1.02    150  4  
3   139  -2.00   3.62    150  5  
3   139  -11.00  5.93    150  6  
1   122  -1.00   0.00    150  7  
3   140  -1.00   6.46    150  8  
3   145  0.00    2.31    150  9  
3   139  4.00    4.28    150  10 
3   138  9.00    3.91    150  11 
0   001  10.00   -999.00 150  12 
2   118  3.48    5.17    150  13 
0   001  10.00   -999.00 150  14 
1   006  19.00   0.00    150  15 
5   149  1.80    4.34    150  16 
3   147  -4.00   9.88    150  17 
2   118  -10.50  3.71    150  18 
1   037  -8.00   0.00    149  1  
0   001  -10.00  -999.00 149  2  
3   143  10.00   5.60    149  3  
2   124  17.31   1.02    149  4  
3   139  -2.00   3.62    149  5  
3   139  -11.00  5.93    149  6  
1   122  -1.00   0.00    149  7  
3   140  -1.00   6.46    149  8  
3   145  0.00    2.31    149  9  
3   139  4.00    4.28    149  10 
3   138  9.00    3.91    149  11 
0   001  10.00   -999.00 149  12 
2   118  3.48    5.17    149  13 
0   001  10.00   -999.00 149  14 
1   006  19.00   0.00    149  15 
5   149  1.80    4.34    149  16 
3   147  -4.00   9.88    149  17 
2   118  -10.50  3.71    149  18 
1   037  -8.00   0.00    148  1  
0   001  -10.00  -999.00 148  2  
3   143  10.00   5.60    148  3  
2   124  17.31   1.02    148  4  
3   139  -2.00   3.62    148  5  
3   139  -11.00  5.93    148  6  
1   122  -1.00   0.00    148  7  
3   140  -1.00   6.46    148  8  
3   145  0.00    2.31    148  9  
3   139  4.00    4.28    148  10 
3   138  9.00    3.91    148  11 
0   001  10.00   -999.00 148  12 
2   118  3.48    5.17    148  13 
0   001  10.00   -999.00 148  14 
1   006  19.00   0.00    148  15 
4   142  1.90    4.60    148  16 
3   147  -4.00   9.88    148  17 
2   118  -10.50  3.71    148  18 
1   037  -8.00   0.00    147  1  
0   001  -10.00  -999.00 147  2  
3   143  10.00   5.60    147  3  
2   124  17.31   1.02    147  4  
3   139  -2.00   3.62    147  5  
3   139  -11.00  5.93    147  6  
1   122  -1.00   0.00    147  7  
3   140  -1.00   6.46    147  8  
3   145  0.00    2.31    147  9  
3   139  4.00    4.28    147  10 
3   138  9.00    3.91    147  11 
0   001  10.00   -999.00 147  12 
2   118  3.48    5.17    147  13 
0   001  10.00   -999.00 147  14 
1   006  19.00   0.00    147  15 
4   142  1.90    4.60    147  16 
3   147  -4.00   9.88    147  17 
2   118  -10.50  3.71    147  18 
1   037  -8.00   0.00    146  1  
0   001  -10.00  -999.00 146  2  
3   143  10.00   5.60    146  3  
2   124  17.31   1.02    146  4  
3   139  -2.00   3.62    146  5  
3   139  -11.00  5.93    146  6  
1   122  -1.00   0.00    146  7  
3   140  -1.00   6.46    146  8  
3   145  0.00    2.31    146  9  
3   139  4.00    4.28    146  10 
3   138  9.00    3.91    146  11 
0   001  10.00   -999.00 146  12 
2   118  3.48    5.17    146  13 
0   001  10.00   -999.00 146  14 
1   006  19.00   0.00    146  15 
5   142  2.00    5.95    146  16 
3   071  -13.00  7.25    146  17 
2   118  -10.50  3.71    146  18 
1   037  -8.00   0.00    145  1  
0   001  -10.00  -999.00 145  2  
3   143  10.00   5.60    145  3  
2   124  17.31   1.02    145  4  
4   139  -3.50   4.04    145  5  
3   139  -11.00  2.64    145  6  
1   122  -1.00   0.00    145  7  
3   140  -1.00   6.46    145  8  
3   145  0.00    2.31    145  9  
3   139  4.00    4.28    145  10 
3   138  9.00    3.91    145  11 
0   001  10.00   -999.00 145  12 
2   118  3.48    5.17    145  13 
0   001  10.00   -999.00 145  14 
1   006  19.00   0.00    145  15 
5   142  2.00    5.95    145  16 
3   071  -13.00  7.25    145  17 
2   118  -10.50  3.71    145  18 
1   037  -8.00   0.00    144  1  
0   001  -10.00  -999.00 144  2  
3   143  10.00   5.60    144  3  
2   124  17.31   1.02    144  4  
4   139  -3.50   4.04    144  5  
3   139  -11.00  2.64    144  6  
1   122  -1.00   0.00    144  7  
3   140  -1.00   6.46    144  8  
2   021  -1.50   2.22    144  9  
3   139  4.00    4.28    144  10 
3   138  9.00    3.91    144  11 
0   001  10.00   -999.00 144  12 
2   118  3.48    5.17    144  13 
0   001  10.00   -999.00 144  14 
1   006  19.00   0.00    144  15 
6   142  2.00    5.30    144  16 
3   071  -13.00  7.25    144  17 
2   118  -10.50  3.71    144  18 
1   037  -8.00   0.00    143  1  
0   001  -10.00  -999.00 143  2  
3   143  10.00   5.60    143  3  
2   124  17.31   1.02    143  4  
4   139  -3.50   4.04    143  5  
3   139  -11.00  2.64    143  6  
1   122  -1.00   0.00    143  7  
3   140  -1.00   6.46    143  8  
2   021  -1.50   2.22    143  9  
3   139  4.00    4.28    143  10 
3   138  9.00    3.91    143  11 
0   001  10.00   -999.00 143  12 
2   118  3.48    5.17    143  13 
0   001  10.00   -999.00 143  14 
1   006  19.00   0.00    143  15 
6   142  2.00    5.30    143  16 
3   071  -13.00  7.25    143  17 
2   118  -10.50  3.71    143  18 
1   037  -8.00   0.00    142  1  
0   001  -10.00  -999.00 142  2  
3   132  6.00    5.60    142  3  
2   124  17.31   1.02    142  4  
4   139  -3.50   4.04    142  5  
3   139  -11.00  2.64    142  6  
1   122  -1.00   0.00    142  7  
3   140  -1.00   6.46    142  8  
2   021  -1.50   2.22    142  9  
3   139  4.00    4.28    142  10 
3   138  9.00    3.91    142  11 
0   001  10.00   -999.00 142  12 
2   118  3.48    5.17    142  13 
0   001  10.00   -999.00 142  14 
1   006  19.00   0.00    142  15 
6   142  2.00    5.30    142  16 
3   071  -13.00  7.25    142  17 
2   118  -10.50  3.71    142  18 
1   037  -8.00   0.00    141  1  
0   001  -10.00  -999.00 141  2  
3   132  6.00    5.60    141  3  
2   124  17.31   1.02    141  4  
4   139  -3.50   4.04    141  5  
3   139  -11.00  2.64    141  6  
1   122  -1.00   0.00    141  7  
3   140  -1.00   6.46    141  8  
2   021  -1.50   2.22    141  9  
3   139  4.00    4.28    141  10 
3   138  9.00    3.91    141  11 
0   001  10.00   -999.00 141  12 
2   118  3.48    5.17    141  13 
0   001  10.00   -999.00 141  14 
1   006  19.00   0.00    141  15 
5   134  2.00    5.95    141  16 
3   071  -13.00  7.25    141  17 
2   118  -10.50  3.71    141  18 
1   037  -8.00   0.00    140  1  
0   001  -10.00  -999.00 140  2  
3   132  6.00    5.60    140  3  
2   124  17.31   1.02    140  4  
4   139  -3.50   4.04    140  5  
3   139  -11.00  2.64    140  6  
1   122  -1.00   0.00    140  7  
3   140  -1.00   6.46    140  8  
2   021  -1.50   2.22    140  9  
3   139  4.00    4.28    140  10 
3   138  9.00    3.91    140  11 
0   001  10.00   -999.00 140  12 
2   118  3.48    5.17    140  13 
0   001  10.00   -999.00 140  14 
1   006  19.00   0.00    140  15 
5   134  2.00    5.95    140  16 
3   071  -13.00  7.25    140  17 
2   118  -10.50  3.71    140  18 
1   037  -8.00   0.00    139  1  
0   001  -10.00  -999.00 139  2  
3   132  6.00    5.60    139  3  
2   124  17.31   1.02    139  4  
4   139  -3.50   4.04    139  5  
3   139  -11.00  2.64    139  6  
1   122  -1.00   0.00    139  7  
3   105  0.00    6.79    139  8  
2   021  -1.50   2.22    139  9  
3   139  4.00    4.28    139  10 
4   138  9.50    3.20    139  11 
0   001  10.00   -999.00 139  12 
2   118  3.48    5.17    139  13 
0   001  10.00   -999.00 139  14 
1   006  19.00   0.00    139  15 
5   134  2.00    5.95    139  16 
3   071  -13.00  7.25    139  17 
2   118  -10.50  3.71    139  18 
1   037  -8.00   0.00    138  1  
0   001  -10.00  -999.00 138  2  
3   132  6.00    5.60    138  3  
2   124  17.31   1.02    138  4  
3   134  -5.00   2.27    138  5  
3   128  -13.00  4.61    138  6  
1   122  -1.00   0.00    138  7  
3   105  0.00    6.79    138  8  
2   021  -1.50   2.22    138  9  
2   063  2.50    2.22    138  10 
4   138  9.50    3.20    138  11 
0   001  10.00   -999.00 138  12 
2   118  3.48    5.17    138  13 
0   001  10.00   -999.00 138  14 
1   006  19.00   0.00    138  15 
5   134  2.00    5.95    138  16 
3   071  -13.00  7.25    138  17 
2   118  -10.50  3.71    138  18 
1   037  -8.00   0.00    137  1  
0   001  -10.00  -999.00 137  2  
3   132  6.00    5.60    137  3  
2   124  17.31   1.02    137  4  
3   134  -5.00   2.27    137  5  
3   128  -13.00  4.61    137  6  
1   122  -1.00   0.00    137  7  
3   105  0.00    6.79    137  8  
2   021  -1.50   2.22    137  9  
2   063  2.50    2.22    137  10 
3   126  10.00   1.65    137  11 
0   001  10.00   -999.00 137  12 
2   118  3.48    5.17    137  13 
0   001  10.00   -999.00 137  14 
1   006  19.00   0.00    137  15 
5   134  2.00    5.95    137  16 
3   071  -13.00  7.25    137  17 
2   118  -10.50  3.71    137  18 
1   037  -8.00   0.00    136  1  
0   001  -10.00  -999.00 136  2  
3   132  6.00    5.60    136  3  
2   124  17.31   1.02    136  4  
3   134  -5.00   2.27    136  5  
3   128  -13.00  4.61    136  6  
1   122  -1.00   0.00    136  7  
3   105  0.00    6.79    136  8  
2   021  -1.50   2.22    136  9  
2   063  2.50    2.22    136  10 
3   126  10.00   1.65    136  11 
0   001  10.00   -999.00 136  12 
2   118  3.48    5.17    136  13 
0   001  10.00   -999.00 136  14 
1   006  19.00   0.00    136  15 
5   134  2.00    5.95    136  16 
3   071  -13.00  7.25    136  17 
2   118  -10.50  3.71    136  18 
1   037  -8.00   0.00    135  1  
0   001  -10.00  -999.00 135  2  
3   132  6.00    5.60    135  3  
2   124  17.31   1.02    135  4  
3   134  -5.00   2.27    135  5  
3   128  -13.00  4.61    135  6  
1   122  -1.00   0.00    135  7  
3   105  0.00    6.79    135  8  
2   021  -1.50   2.22    135  9  
2   063  2.50    2.22    135  10 
3   126  10.00   1.65    135  11 
0   001  10.00   -999.00 135  12 
2   118  3.48    5.17    135  13 
0   001  10.00   -999.00 135  14 
1   006  19.00   0.00    135  15 
5   134  2.00    5.95    135  16 
3   071  -13.00  7.25    135  17 
2   118  -10.50  3.71    135  18 
1   037  -8.00   0.00    134  1  
0   001  -10.00  -999.00 134  2  
3   132  6.00    5.60    134  3  
2   124  17.31   1.02    134  4  
3   134  -5.00   2.27    134  5  
3   128  -13.00  4.61    134  6  
1   122  -1.00   0.00    134  7  
3   105  0.00    6.79    134  8  
2   021  -1.50   2.22    134  9  
2   063  2.50    2.22    134  10 
3   126  10.00   1.65    134  11 
0   001  10.00   -999.00 134  12 
2   118  3.48    5.17    134  13 
0   001  10.00   -999.00 134  14 
1   006  19.00   0.00    134  15 
5   134  2.00    5.95    134  16 
3   071  -13.00  7.25    134  17 
2   118  -10.50  3.71    134  18 
1   037  -8.00   0.00    133  1  
0   001  -10.00  -999.00 133  2  
3   132  6.00    5.60    133  3  
2   124  17.31   1.02    133  4  
2   128  -3.95   2.89    133  5  
3   128  -13.00  4.61    133  6  
1   122  -1.00   0.00    133  7  
3   105  0.00    6.79    133  8  
2   021  -1.50   2.22    133  9  
2   063  2.50    2.22    133  10 
3   126  10.00   1.65    133  11 
0   001  10.00   -999.00 133  12 
2   118  3.48    5.17    133  13 
0   001  10.00   -999.00 133  14 
1   006  19.00   0.00    133  15 
5   130  7.00    5.84    133  16 
3   071  -13.00  7.25    133  17 
2   118  -10.50  3.71    133  18 
1   037  -8.00   0.00    132  1  
0   001  -10.00  -999.00 132  2  
3   132  6.00    5.60    132  3  
2   124  17.31   1.02    132  4  
2   128  -3.95   2.89    132  5  
3   128  -13.00  4.61    132  6  
1   122  -1.00   0.00    132  7  
3   105  0.00    6.79    132  8  
2   021  -1.50   2.22    132  9  
2   063  2.50    2.22    132  10 
3   126  10.00   1.65    132  11 
0   001  10.00   -999.00 132  12 
2   118  3.48    5.17    132  13 
0   001  10.00   -999.00 132  14 
1   006  19.00   0.00    132  15 
5   130  7.00    5.84    132  16 
3   071  -13.00  7.25    132  17 
2   118  -10.50  3.71    132  18 
1   037  -8.00   0.00    131  1  
0   001  -10.00  -999.00 131  2  
3   099  6.00    2.97    131  3  
2   124  17.31   1.02    131  4  
2   128  -3.95   2.89    131  5  
3   128  -13.00  4.61    131  6  
1   122  -1.00   0.00    131  7  
3   105  0.00    6.79    131  8  
2   021  -1.50   2.22    131  9  
2   063  2.50    2.22    131  10 
3   126  10.00   1.65    131  11 
0   001  10.00   -999.00 131  12 
2   118  3.48    5.17    131  13 
0   001  10.00   -999.00 131  14 
1   006  19.00   0.00    131  15 
5   130  7.00    5.84    131  16 
3   071  -13.00  7.25    131  17 
2   118  -10.50  3.71    131  18 
1   037  -8.00   0.00    130  1  
0   001  -10.00  -999.00 130  2  
3   099  6.00    2.97    130  3  
2   124  17.31   1.02    130  4  
2   128  -3.95   2.89    130  5  
3   128  -13.00  4.61    130  6  
1   122  -1.00   0.00    130  7  
3   105  0.00    6.79    130  8  
2   021  -1.50   2.22    130  9  
2   063  2.50    2.22    130  10 
3   126  10.00   1.65    130  11 
0   001  10.00   -999.00 130  12 
2   118  3.48    5.17    130  13 
0   001  10.00   -999.00 130  14 
1   006  19.00   0.00    130  15 
5   130  7.00    5.84    130  16 
3   071  -13.00  7.25    130  17 
2   118  -10.50  3.71    130  18 
1   037  -8.00   0.00    129  1  
0   001  -10.00  -999.00 129  2  
3   099  6.00    2.97    129  3  
2   124  17.31   1.02    129  4  
2   128  -3.95   2.89    129  5  
3   128  -13.00  4.61    129  6  
1   122  -1.00   0.00    129  7  
3   105  0.00    6.79    129  8  
2   021  -1.50   2.22    129  9  
2   063  2.50    2.22    129  10 
3   126  10.00   1.65    129  11 
0   001  10.00   -999.00 129  12 
2   118  3.48    5.17    129  13 
0   001  10.00   -999.00 129  14 
1   006  19.00   0.00    129  15 
4   125  8.00    3.56    129  16 
3   071  -13.00  7.25    129  17 
2   118  -10.50  3.71    129  18 
1   037  -8.00   0.00    128  1  
0   001  -10.00  -999.00 128  2  
3   099  6.00    2.97    128  3  
2   124  17.31   1.02    128  4  
2   128  -3.95   2.89    128  5  
3   128  -13.00  4.61    128  6  
1   122  -1.00   0.00    128  7  
3   105  0.00    6.79    128  8  
2   021  -1.50   2.22    128  9  
2   063  2.50    2.22    128  10 
3   126  10.00   1.65    128  11 
0   001  10.00   -999.00 128  12 
2   118  3.48    5.17    128  13 
0   001  10.00   -999.00 128  14 
1   006  19.00   0.00    128  15 
4   125  8.00    3.56    128  16 
3   071  -13.00  7.25    128  17 
2   118  -10.50  3.71    128  18 
1   037  -8.00   0.00    127  1  
0   001  -10.00  -999.00 127  2  
3   099  6.00    2.97    127  3  
2   124  17.31   1.02    127  4  
1   118  -5.90   0.00    127  5  
3   118  -19.00  4.18    127  6  
1   122  -1.00   0.00    127  7  
3   105  0.00    6.79    127  8  
2   021  -1.50   2.22    127  9  
2   063  2.50    2.22    127  10 
3   126  10.00   1.65    127  11 
0   001  10.00   -999.00 127  12 
2   118  3.48    5.17    127  13 
0   001  10.00   -999.00 127  14 
1   006  19.00   0.00    127  15 
4   125  8.00    3.56    127  16 
3   071  -13.00  7.25    127  17 
2   118  -10.50  3.71    127  18 
1   037  -8.00   0.00    126  1  
0   001  -10.00  -999.00 126  2  
3   099  6.00    2.97    126  3  
2   124  17.31   1.02    126  4  
1   118  -5.90   0.00    126  5  
3   118  -19.00  4.18    126  6  
1   122  -1.00   0.00    126  7  
3   105  0.00    6.79    126  8  
2   021  -1.50   2.22    126  9  
2   063  2.50    2.22    126  10 
3   126  10.00   1.65    126  11 
0   001  10.00   -999.00 126  12 
2   118  3.48    5.17    126  13 
0   001  10.00   -999.00 126  14 
1   006  19.00   0.00    126  15 
4   125  8.00    3.56    126  16 
3   071  -13.00  7.25    126  17 
2   118  -10.50  3.71    126  18 
1   037  -8.00   0.00    125  1  
0   001  -10.00  -999.00 125  2  
3   099  6.00    2.97    125  3  
2   124  17.31   1.02    125  4  
1   118  -5.90   0.00    125  5  
3   118  -19.00  4.18    125  6  
1   122  -1.00   0.00    125  7  
3   105  0.00    6.79    125  8  
2   021  -1.50   2.22    125  9  
2   063  2.50    2.22    125  10 
3   120  9.60    0.53    125  11 
0   001  10.00   -999.00 125  12 
2   118  3.48    5.17    125  13 
0   001  10.00   -999.00 125  14 
1   006  19.00   0.00    125  15 
5   125  7.00    6.69    125  16 
3   071  -13.00  7.25    125  17 
2   118  -10.50  3.71    125  18 
1   037  -8.00   0.00    124  1  
0   001  -10.00  -999.00 124  2  
3   099  6.00    2.97    124  3  
2   124  17.31   1.02    124  4  
1   118  -5.90   0.00    124  5  
3   118  -19.00  4.18    124  6  
1   122  -1.00   0.00    124  7  
3   105  0.00    6.79    124  8  
2   021  -1.50   2.22    124  9  
2   063  2.50    2.22    124  10 
3   120  9.60    0.53    124  11 
0   001  10.00   -999.00 124  12 
2   118  3.48    5.17    124  13 
0   001  10.00   -999.00 124  14 
1   006  19.00   0.00    124  15 
4   119  4.50    6.75    124  16 
3   071  -13.00  7.25    124  17 
2   118  -10.50  3.71    124  18 
1   037  -8.00   0.00    123  1  
0   001  -10.00  -999.00 123  2  
3   099  6.00    2.97    123  3  
1   110  16.63   0.00    123  4  
1   118  -5.90   0.00    123  5  
3   118  -19.00  4.18    123  6  
1   122  -1.00   0.00    123  7  
3   105  0.00    6.79    123  8  
2   021  -1.50   2.22    123  9  
2   063  2.50    2.22    123  10 
3   120  9.60    0.53    123  11 
0   001  10.00   -999.00 123  12 
2   118  3.48    5.17    123  13 
0   001  10.00   -999.00 123  14 
1   006  19.00   0.00    123  15 
4   119  4.50    6.75    123  16 
3   071  -13.00  7.25    123  17 
2   118  -10.50  3.71    123  18 
1   037  -8.00   0.00    122  1  
0   001  -10.00  -999.00 122  2  
3   099  6.00    2.97    122  3  
1   110  16.63   0.00    122  4  
1   118  -5.90   0.00    122  5  
3   118  -19.00  4.18    122  6  
1   122  -1.00   0.00    122  7  
3   105  0.00    6.79    122  8  
2   021  -1.50   2.22    122  9  
2   063  2.50    2.22    122  10 
3   120  9.60    0.53    122  11 
0   001  10.00   -999.00 122  12 
2   118  3.48    5.17    122  13 
0   001  10.00   -999.00 122  14 
1   006  19.00   0.00    122  15 
4   119  4.50    6.75    122  16 
3   071  -13.00  7.25    122  17 
2   118  -10.50  3.71    122  18 
1   037  -8.00   0.00    121  1  
0   001  -10.00  -999.00 121  2  
3   099  6.00    2.97    121  3  
1   110  16.63   0.00    121  4  
1   118  -5.90   0.00    121  5  
3   118  -19.00  4.18    121  6  
0   001  -5.00   -999.00 121  7  
3   105  0.00    6.79    121  8  
2   021  -1.50   2.22    121  9  
2   063  2.50    2.22    121  10 
3   120  9.60    0.53    121  11 
0   001  10.00   -999.00 121  12 
2   118  3.48    5.17    121  13 
0   001  10.00   -999.00 121  14 
1   006  19.00   0.00    121  15 
4   119  4.50    6.75    121  16 
3   071  -13.00  7.25    121  17 
2   118  -10.50  3.71    121  18 
1   037  -8.00   0.00    120  1  
0   001  -10.00  -999.00 120  2  
3   099  6.00    2.97    120  3  
1   110  16.63   0.00    120  4  
1   118  -5.90   0.00    120  5  
3   118  -19.00  4.18    120  6  
0   001  -5.00   -999.00 120  7  
3   105  0.00    6.79    120  8  
2   021  -1.50   2.22    120  9  
2   063  2.50    2.22    120  10 
3   120  9.60    0.53    120  11 
0   001  10.00   -999.00 120  12 
2   118  3.48    5.17    120  13 
0   001  10.00   -999.00 120  14 
1   006  19.00   0.00    120  15 
4   119  4.50    6.75    120  16 
3   071  -13.00  7.25    120  17 
2   118  -10.50  3.71    120  18 
1   037  -8.00   0.00    119  1  
0   001  -10.00  -999.00 119  2  
3   099  6.00    2.97    119  3  
1   110  16.63   0.00    119  4  
1   118  -5.90   0.00    119  5  
3   118  -19.00  4.18    119  6  
0   001  -5.00   -999.00 119  7  
3   105  0.00    6.79    119  8  
2   021  -1.50   2.22    119  9  
2   063  2.50    2.22    119  10 
4   112  8.30    3.95    119  11 
0   001  10.00   -999.00 119  12 
2   118  3.48    5.17    119  13 
0   001  10.00   -999.00 119  14 
1   006  19.00   0.00    119  15 
4   119  4.50    6.75    119  16 
3   071  -13.00  7.25    119  17 
2   118  -10.50  3.71    119  18 
1   037  -8.00   0.00    118  1  
0   001  -10.00  -999.00 118  2  
3   099  6.00    2.97    118  3  
1   110  16.63   0.00    118  4  
1   118  -5.90   0.00    118  5  
3   118  -19.00  4.18    118  6  
0   001  -5.00   -999.00 118  7  
3   105  0.00    6.79    118  8  
2   021  -1.50   2.22    118  9  
2   063  2.50    2.22    118  10 
4   112  8.30    3.95    118  11 
0   001  10.00   -999.00 118  12 
2   118  3.48    5.17    118  13 
0   001  10.00   -999.00 118  14 
1   006  19.00   0.00    118  15 
3   117  2.00    5.60    118  16 
3   071  -13.00  7.25    118  17 
2   118  -10.50  3.71    118  18 
1   037  -8.00   0.00    117  1  
0   001  -10.00  -999.00 117  2  
3   099  6.00    2.97    117  3  
1   110  16.63   0.00    117  4  
0   001  -10.00  -999.00 117  5  
3   092  -19.70  2.41    117  6  
0   001  -5.00   -999.00 117  7  
3   105  0.00    6.79    117  8  
2   021  -1.50   2.22    117  9  
2   063  2.50    2.22    117  10 
4   112  8.30    3.95    117  11 
0   001  10.00   -999.00 117  12 
1   073  0.00    0.00    117  13 
0   001  10.00   -999.00 117  14 
1   006  19.00   0.00    117  15 
3   117  2.00    5.60    117  16 
3   071  -13.00  7.25    117  17 
1   058  -8.00   0.00    117  18 
1   037  -8.00   0.00    116  1  
0   001  -10.00  -999.00 116  2  
3   099  6.00    2.97    116  3  
1   110  16.63   0.00    116  4  
0   001  -10.00  -999.00 116  5  
3   092  -19.70  2.41    116  6  
0   001  -5.00   -999.00 116  7  
3   105  0.00    6.79    116  8  
2   021  -1.50   2.22    116  9  
2   063  2.50    2.22    116  10 
4   112  8.30    3.95    116  11 
0   001  10.00   -999.00 116  12 
1   073  0.00    0.00    116  13 
0   001  10.00   -999.00 116  14 
1   006  19.00   0.00    116  15 
3   106  -2.10   6.62    116  16 
3   071  -13.00  7.25    116  17 
1   058  -8.00   0.00    116  18 
1   037  -8.00   0.00    115  1  
0   001  -10.00  -999.00 115  2  
3   099  6.00    2.97    115  3  
1   110  16.63   0.00    115  4  
0   001  -10.00  -999.00 115  5  
3   092  -19.70  2.41    115  6  
0   001  -5.00   -999.00 115  7  
3   105  0.00    6.79    115  8  
2   021  -1.50   2.22    115  9  
2   063  2.50    2.22    115  10 
4   112  8.30    3.95    115  11 
0   001  10.00   -999.00 115  12 
1   073  0.00    0.00    115  13 
0   001  10.00   -999.00 115  14 
1   006  19.00   0.00    115  15 
3   106  -2.10   6.62    115  16 
3   071  -13.00  7.25    115  17 
1   058  -8.00   0.00    115  18 
1   037  -8.00   0.00    114  1  
0   001  -10.00  -999.00 114  2  
3   099  6.00    2.97    114  3  
1   110  16.63   0.00    114  4  
0   001  -10.00  -999.00 114  5  
3   092  -19.70  2.41    114  6  
0   001  -5.00   -999.00 114  7  
3   105  0.00    6.79    114  8  
2   021  -1.50   2.22    114  9  
2   063  2.50    2.22    114  10 
4   112  8.30    3.95    114  11 
0   001  10.00   -999.00 114  12 
1   073  0.00    0.00    114  13 
0   001  10.00   -999.00 114  14 
1   006  19.00   0.00    114  15 
3   106  -2.10   6.62    114  16 
3   071  -13.00  7.25    114  17 
1   058  -8.00   0.00    114  18 
1   037  -8.00   0.00    113  1  
0   001  -10.00  -999.00 113  2  
3   099  6.00    2.97    113  3  
1   110  16.63   0.00    113  4  
0   001  -10.00  -999.00 113  5  
3   092  -19.70  2.41    113  6  
0   001  -5.00   -999.00 113  7  
3   105  0.00    6.79    113  8  
2   021  -1.50   2.22    113  9  
2   063  2.50    2.22    113  10 
4   112  8.30    3.95    113  11 
0   001  10.00   -999.00 113  12 
1   073  0.00    0.00    113  13 
0   001  10.00   -999.00 113  14 
1   006  19.00   0.00    113  15 
3   106  -2.10   6.62    113  16 
3   071  -13.00  7.25    113  17 
1   058  -8.00   0.00    113  18 
1   037  -8.00   0.00    112  1  
0   001  -10.00  -999.00 112  2  
3   099  6.00    2.97    112  3  
1   110  16.63   0.00    112  4  
0   001  -10.00  -999.00 112  5  
3   092  -19.70  2.41    112  6  
0   001  -5.00   -999.00 112  7  
3   105  0.00    6.79    112  8  
2   021  -1.50   2.22    112  9  
2   063  2.50    2.22    112  10 
4   112  8.30    3.95    112  11 
0   001  10.00   -999.00 112  12 
1   073  0.00    0.00    112  13 
0   001  10.00   -999.00 112  14 
1   006  19.00   0.00    112  15 
3   106  -2.10   6.62    112  16 
3   071  -13.00  7.25    112  17 
1   058  -8.00   0.00    112  18 
1   037  -8.00   0.00    111  1  
0   001  -10.00  -999.00 111  2  
3   099  6.00    2.97    111  3  
1   110  16.63   0.00    111  4  
0   001  -10.00  -999.00 111  5  
3   092  -19.70  2.41    111  6  
0   001  -5.00   -999.00 111  7  
3   105  0.00    6.79    111  8  
2   021  -1.50   2.22    111  9  
2   063  2.50    2.22    111  10 
3   102  7.00    4.18    111  11 
0   001  10.00   -999.00 111  12 
1   073  0.00    0.00    111  13 
0   001  10.00   -999.00 111  14 
1   006  19.00   0.00    111  15 
3   106  -2.10   6.62    111  16 
3   071  -13.00  7.25    111  17 
1   058  -8.00   0.00    111  18 
1   037  -8.00   0.00    110  1  
0   001  -10.00  -999.00 110  2  
3   099  6.00    2.97    110  3  
1   110  16.63   0.00    110  4  
0   001  -10.00  -999.00 110  5  
3   092  -19.70  2.41    110  6  
0   001  -5.00   -999.00 110  7  
3   105  0.00    6.79    110  8  
2   021  -1.50   2.22    110  9  
2   063  2.50    2.22    110  10 
3   102  7.00    4.18    110  11 
0   001  10.00   -999.00 110  12 
1   073  0.00    0.00    110  13 
0   001  10.00   -999.00 110  14 
1   006  19.00   0.00    110  15 
3   106  -2.10   6.62    110  16 
3   071  -13.00  7.25    110  17 
1   058  -8.00   0.00    110  18 
1   037  -8.00   0.00    109  1  
0   001  -10.00  -999.00 109  2  
3   099  6.00    2.97    109  3  
0   001  0.00    -999.00 109  4  
0   001  -10.00  -999.00 109  5  
3   092  -19.70  2.41    109  6  
0   001  -5.00   -999.00 109  7  
3   105  0.00    6.79    109  8  
2   021  -1.50   2.22    109  9  
2   063  2.50    2.22    109  10 
3   102  7.00    4.18    109  11 
0   001  10.00   -999.00 109  12 
1   073  0.00    0.00    109  13 
0   001  10.00   -999.00 109  14 
1   006  19.00   0.00    109  15 
3   106  -2.10   6.62    109  16 
3   071  -13.00  7.25    109  17 
1   058  -8.00   0.00    109  18 
1   037  -8.00   0.00    108  1  
0   001  -10.00  -999.00 108  2  
3   099  6.00    2.97    108  3  
0   001  0.00    -999.00 108  4  
0   001  -10.00  -999.00 108  5  
3   092  -19.70  2.41    108  6  
0   001  -5.00   -999.00 108  7  
3   105  0.00    6.79    108  8  
2   021  -1.50   2.22    108  9  
2   063  2.50    2.22    108  10 
3   102  7.00    4.18    108  11 
0   001  10.00   -999.00 108  12 
1   073  0.00    0.00    108  13 
0   001  10.00   -999.00 108  14 
1   006  19.00   0.00    108  15 
3   106  -2.10   6.62    108  16 
3   071  -13.00  7.25    108  17 
1   058  -8.00   0.00    108  18 
1   037  -8.00   0.00    107  1  
0   001  -10.00  -999.00 107  2  
3   099  6.00    2.97    107  3  
0   001  0.00    -999.00 107  4  
0   001  -10.00  -999.00 107  5  
3   092  -19.70  2.41    107  6  
0   001  -5.00   -999.00 107  7  
3   105  0.00    6.79    107  8  
2   021  -1.50   2.22    107  9  
2   063  2.50    2.22    107  10 
4   102  7.00    3.29    107  11 
0   001  10.00   -999.00 107  12 
1   073  0.00    0.00    107  13 
0   001  10.00   -999.00 107  14 
1   006  19.00   0.00    107  15 
3   106  -2.10   6.62    107  16 
3   071  -13.00  7.25    107  17 
1   058  -8.00   0.00    107  18 
1   037  -8.00   0.00    106  1  
0   001  -10.00  -999.00 106  2  
3   099  6.00    2.97    106  3  
0   001  0.00    -999.00 106  4  
0   001  -10.00  -999.00 106  5  
3   092  -19.70  2.41    106  6  
0   001  -5.00   -999.00 106  7  
3   105  0.00    6.79    106  8  
2   021  -1.50   2.22    106  9  
2   063  2.50    2.22    106  10 
4   102  7.00    3.29    106  11 
0   001  10.00   -999.00 106  12 
1   073  0.00    0.00    106  13 
0   001  10.00   -999.00 106  14 
1   006  19.00   0.00    106  15 
3   106  -2.10   6.62    106  16 
3   071  -13.00  7.25    106  17 
1   058  -8.00   0.00    106  18 
1   037  -8.00   0.00    105  1  
0   001  -10.00  -999.00 105  2  
3   099  6.00    2.97    105  3  
0   001  0.00    -999.00 105  4  
0   001  -10.00  -999.00 105  5  
3   092  -19.70  2.41    105  6  
0   001  -5.00   -999.00 105  7  
3   105  0.00    6.79    105  8  
2   021  -1.50   2.22    105  9  
2   063  2.50    2.22    105  10 
4   102  7.00    3.29    105  11 
0   001  10.00   -999.00 105  12 
1   073  0.00    0.00    105  13 
0   001  10.00   -999.00 105  14 
1   006  19.00   0.00    105  15 
3   098  -2.10   5.30    105  16 
3   071  -13.00  7.25    105  17 
1   058  -8.00   0.00    105  18 
1   037  -8.00   0.00    104  1  
0   001  -10.00  -999.00 104  2  
3   099  6.00    2.97    104  3  
0   001  0.00    -999.00 104  4  
0   001  -10.00  -999.00 104  5  
3   092  -19.70  2.41    104  6  
0   001  -5.00   -999.00 104  7  
2   044  -4.65   6.89    104  8  
2   021  -1.50   2.22    104  9  
2   063  2.50    2.22    104  10 
4   102  7.00    3.29    104  11 
0   001  10.00   -999.00 104  12 
1   073  0.00    0.00    104  13 
0   001  10.00   -999.00 104  14 
1   006  19.00   0.00    104  15 
3   098  -2.10   5.30    104  16 
3   071  -13.00  7.25    104  17 
1   058  -8.00   0.00    104  18 
1   037  -8.00   0.00    103  1  
0   001  -10.00  -999.00 103  2  
3   099  6.00    2.97    103  3  
0   001  0.00    -999.00 103  4  
0   001  -10.00  -999.00 103  5  
3   092  -19.70  2.41    103  6  
0   001  -5.00   -999.00 103  7  
2   044  -4.65   6.89    103  8  
2   021  -1.50   2.22    103  9  
2   063  2.50    2.22    103  10 
4   102  7.00    3.29    103  11 
0   001  10.00   -999.00 103  12 
1   073  0.00    0.00    103  13 
0   001  10.00   -999.00 103  14 
1   006  19.00   0.00    103  15 
3   098  -2.10   5.30    103  16 
3   071  -13.00  7.25    103  17 
1   058  -8.00   0.00    103  18 
1   037  -8.00   0.00    102  1  
0   001  -10.00  -999.00 102  2  
3   099  6.00    2.97    102  3  
0   001  0.00    -999.00 102  4  
0   001  -10.00  -999.00 102  5  
3   092  -19.70  2.41    102  6  
0   001  -5.00   -999.00 102  7  
2   044  -4.65   6.89    102  8  
2   021  -1.50   2.22    102  9  
2   063  2.50    2.22    102  10 
4   102  7.00    3.29    102  11 
0   001  10.00   -999.00 102  12 
1   073  0.00    0.00    102  13 
0   001  10.00   -999.00 102  14 
1   006  19.00   0.00    102  15 
3   098  -2.10   5.30    102  16 
3   071  -13.00  7.25    102  17 
1   058  -8.00   0.00    102  18 
1   037  -8.00   0.00    101  1  
0   001  -10.00  -999.00 101  2  
3   099  6.00    2.97    101  3  
0   001  0.00    -999.00 101  4  
0   001  -10.00  -999.00 101  5  
3   092  -19.70  2.41    101  6  
0   001  -5.00   -999.00 101  7  
2   044  -4.65   6.89    101  8  
2   021  -1.50   2.22    101  9  
2   063  2.50    2.22    101  10 
4   092  7.00    3.10    101  11 
0   001  10.00   -999.00 101  12 
1   073  0.00    0.00    101  13 
0   001  10.00   -999.00 101  14 
1   006  19.00   0.00    101  15 
3   098  -2.10   5.30    101  16 
3   071  -13.00  7.25    101  17 
1   058  -8.00   0.00    101  18 
1   037  -8.00   0.00    100  1  
0   001  -10.00  -999.00 100  2  
3   099  6.00    2.97    100  3  
0   001  0.00    -999.00 100  4  
0   001  -10.00  -999.00 100  5  
3   092  -19.70  2.41    100  6  
0   001  -5.00   -999.00 100  7  
2   044  -4.65   6.89    100  8  
2   021  -1.50   2.22    100  9  
2   063  2.50    2.22    100  10 
4   092  7.00    3.10    100  11 
0   001  10.00   -999.00 100  12 
1   073  0.00    0.00    100  13 
0   001  10.00   -999.00 100  14 
1   006  19.00   0.00    100  15 
3   098  -2.10   5.30    100  16 
3   071  -13.00  7.25    100  17 
1   058  -8.00   0.00    100  18 
1   037  -8.00   0.00    099  1  
0   001  -10.00  -999.00 099  2  
3   099  6.00    2.97    099  3  
0   001  0.00    -999.00 099  4  
0   001  -10.00  -999.00 099  5  
3   092  -19.70  2.41    099  6  
0   001  -5.00   -999.00 099  7  
2   044  -4.65   6.89    099  8  
2   021  -1.50   2.22    099  9  
2   063  2.50    2.22    099  10 
4   092  7.00    3.10    099  11 
0   001  10.00   -999.00 099  12 
1   073  0.00    0.00    099  13 
0   001  10.00   -999.00 099  14 
1   006  19.00   0.00    099  15 
3   098  -2.10   5.30    099  16 
3   071  -13.00  7.25    099  17 
1   058  -8.00   0.00    099  18 
1   037  -8.00   0.00    098  1  
0   001  -10.00  -999.00 098  2  
3   075  6.00    4.94    098  3  
0   001  0.00    -999.00 098  4  
0   001  -10.00  -999.00 098  5  
3   092  -19.70  2.41    098  6  
0   001  -5.00   -999.00 098  7  
2   044  -4.65   6.89    098  8  
2   021  -1.50   2.22    098  9  
2   063  2.50    2.22    098  10 
4   092  7.00    3.10    098  11 
0   001  10.00   -999.00 098  12 
1   073  0.00    0.00    098  13 
0   001  10.00   -999.00 098  14 
1   006  19.00   0.00    098  15 
3   098  -2.10   5.30    098  16 
3   071  -13.00  7.25    098  17 
1   058  -8.00   0.00    098  18 
1   037  -8.00   0.00    097  1  
0   001  -10.00  -999.00 097  2  
3   075  6.00    4.94    097  3  
0   001  0.00    -999.00 097  4  
0   001  -10.00  -999.00 097  5  
3   092  -19.70  2.41    097  6  
0   001  -5.00   -999.00 097  7  
2   044  -4.65   6.89    097  8  
2   021  -1.50   2.22    097  9  
2   063  2.50    2.22    097  10 
4   092  7.00    3.10    097  11 
0   001  10.00   -999.00 097  12 
1   073  0.00    0.00    097  13 
0   001  10.00   -999.00 097  14 
1   006  19.00   0.00    097  15 
3   059  5.00    4.68    097  16 
3   071  -13.00  7.25    097  17 
1   058  -8.00   0.00    097  18 
1   037  -8.00   0.00    096  1  
0   001  -10.00  -999.00 096  2  
3   075  6.00    4.94    096  3  
0   001  0.00    -999.00 096  4  
0   001  -10.00  -999.00 096  5  
3   092  -19.70  2.41    096  6  
0   001  -5.00   -999.00 096  7  
2   044  -4.65   6.89    096  8  
2   021  -1.50   2.22    096  9  
2   063  2.50    2.22    096  10 
4   092  7.00    3.10    096  11 
0   001  10.00   -999.00 096  12 
1   073  0.00    0.00    096  13 
0   001  10.00   -999.00 096  14 
1   006  19.00   0.00    096  15 
3   059  5.00    4.68    096  16 
3   071  -13.00  7.25    096  17 
1   058  -8.00   0.00    096  18 
1   037  -8.00   0.00    095  1  
0   001  -10.00  -999.00 095  2  
3   075  6.00    4.94    095  3  
0   001  0.00    -999.00 095  4  
0   001  -10.00  -999.00 095  5  
3   092  -19.70  2.41    095  6  
0   001  -5.00   -999.00 095  7  
2   044  -4.65   6.89    095  8  
2   021  -1.50   2.22    095  9  
2   063  2.50    2.22    095  10 
4   092  7.00    3.10    095  11 
0   001  10.00   -999.00 095  12 
1   073  0.00    0.00    095  13 
0   001  10.00   -999.00 095  14 
1   006  19.00   0.00    095  15 
3   059  5.00    4.68    095  16 
3   071  -13.00  7.25    095  17 
1   058  -8.00   0.00    095  18 
1   037  -8.00   0.00    094  1  
0   001  -10.00  -999.00 094  2  
3   075  6.00    4.94    094  3  
0   001  0.00    -999.00 094  4  
0   001  -10.00  -999.00 094  5  
3   092  -19.70  2.41    094  6  
0   001  -5.00   -999.00 094  7  
2   044  -4.65   6.89    094  8  
2   021  -1.50   2.22    094  9  
2   063  2.50    2.22    094  10 
5   092  7.00    5.02    094  11 
0   001  10.00   -999.00 094  12 
1   073  0.00    0.00    094  13 
0   001  10.00   -999.00 094  14 
1   006  19.00   0.00    094  15 
3   059  5.00    4.68    094  16 
3   071  -13.00  7.25    094  17 
1   058  -8.00   0.00    094  18 
1   037  -8.00   0.00    093  1  
0   001  -10.00  -999.00 093  2  
3   075  6.00    4.94    093  3  
0   001  0.00    -999.00 093  4  
0   001  -10.00  -999.00 093  5  
3   092  -19.70  2.41    093  6  
0   001  -5.00   -999.00 093  7  
2   044  -4.65   6.89    093  8  
2   021  -1.50   2.22    093  9  
2   063  2.50    2.22    093  10 
5   092  7.00    5.02    093  11 
0   001  10.00   -999.00 093  12 
1   073  0.00    0.00    093  13 
0   001  10.00   -999.00 093  14 
1   006  19.00   0.00    093  15 
3   059  5.00    4.68    093  16 
3   071  -13.00  7.25    093  17 
1   058  -8.00   0.00    093  18 
1   037  -8.00   0.00    092  1  
0   001  -10.00  -999.00 092  2  
3   075  6.00    4.94    092  3  
0   001  0.00    -999.00 092  4  
0   001  -10.00  -999.00 092  5  
3   092  -19.70  2.41    092  6  
0   001  -5.00   -999.00 092  7  
2   044  -4.65   6.89    092  8  
2   021  -1.50   2.22    092  9  
2   063  2.50    2.22    092  10 
5   092  7.00    5.02    092  11 
0   001  10.00   -999.00 092  12 
1   073  0.00    0.00    092  13 
0   001  10.00   -999.00 092  14 
1   006  19.00   0.00    092  15 
3   059  5.00    4.68    092  16 
3   071  -13.00  7.25    092  17 
1   058  -8.00   0.00    092  18 
1   037  -8.00   0.00    091  1  
0   001  -10.00  -999.00 091  2  
4   075  6.50    3.71    091  3  
0   001  0.00    -999.00 091  4  
0   001  -10.00  -999.00 091  5  
3   084  -19.70  7.08    091  6  
0   001  -5.00   -999.00 091  7  
2   044  -4.65   6.89    091  8  
2   021  -1.50   2.22    091  9  
2   063  2.50    2.22    091  10 
3   080  7.00    5.79    091  11 
0   001  10.00   -999.00 091  12 
1   073  0.00    0.00    091  13 
0   001  10.00   -999.00 091  14 
1   006  19.00   0.00    091  15 
3   059  5.00    4.68    091  16 
3   071  -13.00  7.25    091  17 
1   058  -8.00   0.00    091  18 
1   037  -8.00   0.00    090  1  
0   001  -10.00  -999.00 090  2  
5   075  6.00    3.44    090  3  
0   001  0.00    -999.00 090  4  
0   001  -10.00  -999.00 090  5  
3   084  -19.70  7.08    090  6  
0   001  -5.00   -999.00 090  7  
2   044  -4.65   6.89    090  8  
2   021  -1.50   2.22    090  9  
2   063  2.50    2.22    090  10 
3   080  7.00    5.79    090  11 
0   001  10.00   -999.00 090  12 
1   073  0.00    0.00    090  13 
0   001  10.00   -999.00 090  14 
1   006  19.00   0.00    090  15 
3   059  5.00    4.68    090  16 
3   071  -13.00  7.25    090  17 
1   058  -8.00   0.00    090  18 
1   037  -8.00   0.00    089  1  
0   001  -10.00  -999.00 089  2  
5   075  6.00    3.44    089  3  
0   001  0.00    -999.00 089  4  
0   001  -10.00  -999.00 089  5  
3   084  -19.70  7.08    089  6  
0   001  -5.00   -999.00 089  7  
2   044  -4.65   6.89    089  8  
2   021  -1.50   2.22    089  9  
2   063  2.50    2.22    089  10 
3   080  7.00    5.79    089  11 
0   001  10.00   -999.00 089  12 
1   073  0.00    0.00    089  13 
0   001  10.00   -999.00 089  14 
1   006  19.00   0.00    089  15 
3   059  5.00    4.68    089  16 
3   071  -13.00  7.25    089  17 
1   058  -8.00   0.00    089  18 
1   037  -8.00   0.00    088  1  
0   001  -10.00  -999.00 088  2  
5   075  6.00    3.44    088  3  
0   001  0.00    -999.00 088  4  
0   001  -10.00  -999.00 088  5  
3   084  -19.70  7.08    088  6  
0   001  -5.00   -999.00 088  7  
2   044  -4.65   6.89    088  8  
2   021  -1.50   2.22    088  9  
2   063  2.50    2.22    088  10 
3   080  7.00    5.79    088  11 
0   001  10.00   -999.00 088  12 
1   073  0.00    0.00    088  13 
0   001  10.00   -999.00 088  14 
1   006  19.00   0.00    088  15 
3   059  5.00    4.68    088  16 
3   071  -13.00  7.25    088  17 
1   058  -8.00   0.00    088  18 
1   037  -8.00   0.00    087  1  
0   001  -10.00  -999.00 087  2  
5   075  6.00    3.44    087  3  
0   001  0.00    -999.00 087  4  
0   001  -10.00  -999.00 087  5  
3   084  -19.70  7.08    087  6  
0   001  -5.00   -999.00 087  7  
2   044  -4.65   6.89    087  8  
2   021  -1.50   2.22    087  9  
2   063  2.50    2.22    087  10 
3   080  7.00    5.79    087  11 
0   001  10.00   -999.00 087  12 
1   073  0.00    0.00    087  13 
0   001  10.00   -999.00 087  14 
1   006  19.00   0.00    087  15 
3   059  5.00    4.68    087  16 
3   071  -13.00  7.25    087  17 
1   058  -8.00   0.00    087  18 
1   037  -8.00   0.00    086  1  
0   001  -10.00  -999.00 086  2  
5   075  6.00    3.44    086  3  
0   001  0.00    -999.00 086  4  
0   001  -10.00  -999.00 086  5  
3   084  -19.70  7.08    086  6  
0   001  -5.00   -999.00 086  7  
2   044  -4.65   6.89    086  8  
2   021  -1.50   2.22    086  9  
2   063  2.50    2.22    086  10 
3   080  7.00    5.79    086  11 
0   001  10.00   -999.00 086  12 
1   073  0.00    0.00    086  13 
0   001  10.00   -999.00 086  14 
1   006  19.00   0.00    086  15 
3   059  5.00    4.68    086  16 
3   071  -13.00  7.25    086  17 
1   058  -8.00   0.00    086  18 
1   037  -8.00   0.00    085  1  
0   001  -10.00  -999.00 085  2  
5   075  6.00    3.44    085  3  
0   001  0.00    -999.00 085  4  
0   001  -10.00  -999.00 085  5  
3   084  -19.70  7.08    085  6  
0   001  -5.00   -999.00 085  7  
2   044  -4.65   6.89    085  8  
2   021  -1.50   2.22    085  9  
2   063  2.50    2.22    085  10 
3   080  7.00    5.79    085  11 
0   001  10.00   -999.00 085  12 
1   073  0.00    0.00    085  13 
0   001  10.00   -999.00 085  14 
1   006  19.00   0.00    085  15 
3   059  5.00    4.68    085  16 
3   071  -13.00  7.25    085  17 
1   058  -8.00   0.00    085  18 
1   037  -8.00   0.00    084  1  
0   001  -10.00  -999.00 084  2  
5   075  6.00    3.44    084  3  
0   001  0.00    -999.00 084  4  
0   001  -10.00  -999.00 084  5  
3   084  -19.70  7.08    084  6  
0   001  -5.00   -999.00 084  7  
2   044  -4.65   6.89    084  8  
2   021  -1.50   2.22    084  9  
2   063  2.50    2.22    084  10 
3   080  7.00    5.79    084  11 
0   001  10.00   -999.00 084  12 
1   073  0.00    0.00    084  13 
0   001  10.00   -999.00 084  14 
1   006  19.00   0.00    084  15 
3   059  5.00    4.68    084  16 
3   071  -13.00  7.25    084  17 
1   058  -8.00   0.00    084  18 
1   037  -8.00   0.00    083  1  
0   001  -10.00  -999.00 083  2  
5   075  6.00    3.44    083  3  
0   001  0.00    -999.00 083  4  
0   001  -10.00  -999.00 083  5  
3   081  -19.70  6.89    083  6  
0   001  -5.00   -999.00 083  7  
2   044  -4.65   6.89    083  8  
2   021  -1.50   2.22    083  9  
2   063  2.50    2.22    083  10 
3   080  7.00    5.79    083  11 
0   001  10.00   -999.00 083  12 
1   073  0.00    0.00    083  13 
0   001  10.00   -999.00 083  14 
1   006  19.00   0.00    083  15 
3   059  5.00    4.68    083  16 
3   071  -13.00  7.25    083  17 
1   058  -8.00   0.00    083  18 
1   037  -8.00   0.00    082  1  
0   001  -10.00  -999.00 082  2  
5   075  6.00    3.44    082  3  
0   001  0.00    -999.00 082  4  
0   001  -10.00  -999.00 082  5  
3   081  -19.70  6.89    082  6  
0   001  -5.00   -999.00 082  7  
2   044  -4.65   6.89    082  8  
2   021  -1.50   2.22    082  9  
2   063  2.50    2.22    082  10 
3   080  7.00    5.79    082  11 
0   001  10.00   -999.00 082  12 
1   073  0.00    0.00    082  13 
0   001  10.00   -999.00 082  14 
1   006  19.00   0.00    082  15 
3   059  5.00    4.68    082  16 
3   071  -13.00  7.25    082  17 
1   058  -8.00   0.00    082  18 
1   037  -8.00   0.00    081  1  
0   001  -10.00  -999.00 081  2  
5   075  6.00    3.44    081  3  
0   001  0.00    -999.00 081  4  
0   001  -10.00  -999.00 081  5  
3   081  -19.70  6.89    081  6  
0   001  -5.00   -999.00 081  7  
2   044  -4.65   6.89    081  8  
2   021  -1.50   2.22    081  9  
2   063  2.50    2.22    081  10 
3   080  7.00    5.79    081  11 
0   001  10.00   -999.00 081  12 
1   073  0.00    0.00    081  13 
0   001  10.00   -999.00 081  14 
1   006  19.00   0.00    081  15 
3   059  5.00    4.68    081  16 
3   071  -13.00  7.25    081  17 
1   058  -8.00   0.00    081  18 
1   037  -8.00   0.00    080  1  
0   001  -10.00  -999.00 080  2  
5   075  6.00    3.44    080  3  
0   001  0.00    -999.00 080  4  
0   001  -10.00  -999.00 080  5  
3   072  -19.70  3.72    080  6  
0   001  -5.00   -999.00 080  7  
2   044  -4.65   6.89    080  8  
2   021  -1.50   2.22    080  9  
2   063  2.50    2.22    080  10 
3   080  7.00    5.79    080  11 
0   001  10.00   -999.00 080  12 
1   073  0.00    0.00    080  13 
0   001  10.00   -999.00 080  14 
1   006  19.00   0.00    080  15 
3   059  5.00    4.68    080  16 
3   071  -13.00  7.25    080  17 
1   058  -8.00   0.00    080  18 
1   037  -8.00   0.00    079  1  
0   001  -10.00  -999.00 079  2  
5   075  6.00    3.44    079  3  
0   001  0.00    -999.00 079  4  
0   001  -10.00  -999.00 079  5  
3   072  -19.70  3.72    079  6  
0   001  -5.00   -999.00 079  7  
2   044  -4.65   6.89    079  8  
2   021  -1.50   2.22    079  9  
2   063  2.50    2.22    079  10 
3   076  6.00    5.46    079  11 
0   001  10.00   -999.00 079  12 
1   073  0.00    0.00    079  13 
0   001  10.00   -999.00 079  14 
1   006  19.00   0.00    079  15 
3   059  5.00    4.68    079  16 
3   071  -13.00  7.25    079  17 
1   058  -8.00   0.00    079  18 
1   037  -8.00   0.00    078  1  
0   001  -10.00  -999.00 078  2  
5   075  6.00    3.44    078  3  
0   001  0.00    -999.00 078  4  
0   001  -10.00  -999.00 078  5  
3   072  -19.70  3.72    078  6  
0   001  -5.00   -999.00 078  7  
2   044  -4.65   6.89    078  8  
2   021  -1.50   2.22    078  9  
2   063  2.50    2.22    078  10 
3   076  6.00    5.46    078  11 
0   001  10.00   -999.00 078  12 
1   073  0.00    0.00    078  13 
0   001  10.00   -999.00 078  14 
1   006  19.00   0.00    078  15 
3   059  5.00    4.68    078  16 
3   071  -13.00  7.25    078  17 
1   058  -8.00   0.00    078  18 
1   037  -8.00   0.00    077  1  
0   001  -10.00  -999.00 077  2  
5   075  6.00    3.44    077  3  
0   001  0.00    -999.00 077  4  
0   001  -10.00  -999.00 077  5  
3   072  -19.70  3.72    077  6  
0   001  -5.00   -999.00 077  7  
2   044  -4.65   6.89    077  8  
2   021  -1.50   2.22    077  9  
2   063  2.50    2.22    077  10 
3   076  6.00    5.46    077  11 
0   001  10.00   -999.00 077  12 
1   073  0.00    0.00    077  13 
0   001  10.00   -999.00 077  14 
1   006  19.00   0.00    077  15 
3   059  5.00    4.68    077  16 
3   071  -13.00  7.25    077  17 
1   058  -8.00   0.00    077  18 
1   037  -8.00   0.00    076  1  
0   001  -10.00  -999.00 076  2  
5   075  6.00    3.44    076  3  
0   001  0.00    -999.00 076  4  
0   001  -10.00  -999.00 076  5  
3   072  -19.70  3.72    076  6  
0   001  -5.00   -999.00 076  7  
2   044  -4.65   6.89    076  8  
2   021  -1.50   2.22    076  9  
2   063  2.50    2.22    076  10 
3   076  6.00    5.46    076  11 
0   001  10.00   -999.00 076  12 
1   073  0.00    0.00    076  13 
0   001  10.00   -999.00 076  14 
1   006  19.00   0.00    076  15 
3   059  5.00    4.68    076  16 
3   071  -13.00  7.25    076  17 
1   058  -8.00   0.00    076  18 
1   037  -8.00   0.00    075  1  
0   001  -10.00  -999.00 075  2  
5   075  6.00    3.44    075  3  
0   001  0.00    -999.00 075  4  
0   001  -10.00  -999.00 075  5  
3   072  -19.70  3.72    075  6  
0   001  -5.00   -999.00 075  7  
2   044  -4.65   6.89    075  8  
2   021  -1.50   2.22    075  9  
2   063  2.50    2.22    075  10 
3   067  6.00    5.82    075  11 
0   001  10.00   -999.00 075  12 
1   073  0.00    0.00    075  13 
0   001  10.00   -999.00 075  14 
1   006  19.00   0.00    075  15 
3   059  5.00    4.68    075  16 
3   071  -13.00  7.25    075  17 
1   058  -8.00   0.00    075  18 
1   037  -8.00   0.00    074  1  
0   001  -10.00  -999.00 074  2  
4   074  6.50    3.34    074  3  
0   001  0.00    -999.00 074  4  
0   001  -10.00  -999.00 074  5  
3   072  -19.70  3.72    074  6  
0   001  -5.00   -999.00 074  7  
2   044  -4.65   6.89    074  8  
2   021  -1.50   2.22    074  9  
2   063  2.50    2.22    074  10 
3   067  6.00    5.82    074  11 
0   001  10.00   -999.00 074  12 
1   073  0.00    0.00    074  13 
0   001  10.00   -999.00 074  14 
1   006  19.00   0.00    074  15 
3   059  5.00    4.68    074  16 
3   071  -13.00  7.25    074  17 
1   058  -8.00   0.00    074  18 
1   037  -8.00   0.00    073  1  
0   001  -10.00  -999.00 073  2  
3   071  7.00    3.95    073  3  
0   001  0.00    -999.00 073  4  
0   001  -10.00  -999.00 073  5  
3   072  -19.70  3.72    073  6  
0   001  -5.00   -999.00 073  7  
2   044  -4.65   6.89    073  8  
2   021  -1.50   2.22    073  9  
2   063  2.50    2.22    073  10 
3   067  6.00    5.82    073  11 
0   001  10.00   -999.00 073  12 
1   073  0.00    0.00    073  13 
0   001  10.00   -999.00 073  14 
1   006  19.00   0.00    073  15 
3   059  5.00    4.68    073  16 
3   071  -13.00  7.25    073  17 
1   058  -8.00   0.00    073  18 
1   037  -8.00   0.00    072  1  
0   001  -10.00  -999.00 072  2  
3   071  7.00    3.95    072  3  
0   001  0.00    -999.00 072  4  
0   001  -10.00  -999.00 072  5  
3   072  -19.70  3.72    072  6  
0   001  -5.00   -999.00 072  7  
2   044  -4.65   6.89    072  8  
2   021  -1.50   2.22    072  9  
2   063  2.50    2.22    072  10 
3   067  6.00    5.82    072  11 
0   001  10.00   -999.00 072  12 
0   001  -5.00   -999.00 072  13 
0   001  10.00   -999.00 072  14 
1   006  19.00   0.00    072  15 
3   059  5.00    4.68    072  16 
3   071  -13.00  7.25    072  17 
1   058  -8.00   0.00    072  18 
1   037  -8.00   0.00    071  1  
0   001  -10.00  -999.00 071  2  
3   071  7.00    3.95    071  3  
0   001  0.00    -999.00 071  4  
0   001  -10.00  -999.00 071  5  
3   067  -19.70  3.20    071  6  
0   001  -5.00   -999.00 071  7  
2   044  -4.65   6.89    071  8  
2   021  -1.50   2.22    071  9  
2   063  2.50    2.22    071  10 
3   067  6.00    5.82    071  11 
0   001  10.00   -999.00 071  12 
0   001  -5.00   -999.00 071  13 
0   001  10.00   -999.00 071  14 
1   006  19.00   0.00    071  15 
3   059  5.00    4.68    071  16 
3   071  -13.00  7.25    071  17 
1   058  -8.00   0.00    071  18 
1   037  -8.00   0.00    070  1  
0   001  -10.00  -999.00 070  2  
3   064  6.70    1.22    070  3  
0   001  0.00    -999.00 070  4  
0   001  -10.00  -999.00 070  5  
3   067  -19.70  3.20    070  6  
0   001  -5.00   -999.00 070  7  
2   044  -4.65   6.89    070  8  
2   021  -1.50   2.22    070  9  
2   063  2.50    2.22    070  10 
3   067  6.00    5.82    070  11 
0   001  10.00   -999.00 070  12 
0   001  -5.00   -999.00 070  13 
0   001  10.00   -999.00 070  14 
1   006  19.00   0.00    070  15 
3   059  5.00    4.68    070  16 
2   052  -15.00  2.97    070  17 
1   058  -8.00   0.00    070  18 
1   037  -8.00   0.00    069  1  
0   001  -10.00  -999.00 069  2  
3   064  6.70    1.22    069  3  
0   001  0.00    -999.00 069  4  
0   001  -10.00  -999.00 069  5  
3   067  -19.70  3.20    069  6  
0   001  -5.00   -999.00 069  7  
2   044  -4.65   6.89    069  8  
2   021  -1.50   2.22    069  9  
2   063  2.50    2.22    069  10 
3   067  6.00    5.82    069  11 
0   001  10.00   -999.00 069  12 
0   001  -5.00   -999.00 069  13 
0   001  10.00   -999.00 069  14 
1   006  19.00   0.00    069  15 
3   059  5.00    4.68    069  16 
2   052  -15.00  2.97    069  17 
1   058  -8.00   0.00    069  18 
1   037  -8.00   0.00    068  1  
0   001  -10.00  -999.00 068  2  
3   064  6.70    1.22    068  3  
0   001  0.00    -999.00 068  4  
0   001  -10.00  -999.00 068  5  
3   067  -19.70  3.20    068  6  
0   001  -5.00   -999.00 068  7  
2   044  -4.65   6.89    068  8  
2   021  -1.50   2.22    068  9  
2   063  2.50    2.22    068  10 
3   067  6.00    5.82    068  11 
0   001  10.00   -999.00 068  12 
0   001  -5.00   -999.00 068  13 
0   001  10.00   -999.00 068  14 
1   006  19.00   0.00    068  15 
3   059  5.00    4.68    068  16 
2   052  -15.00  2.97    068  17 
1   058  -8.00   0.00    068  18 
1   037  -8.00   0.00    067  1  
0   001  -10.00  -999.00 067  2  
3   064  6.70    1.22    067  3  
0   001  0.00    -999.00 067  4  
0   001  -10.00  -999.00 067  5  
3   067  -19.70  3.20    067  6  
0   001  -5.00   -999.00 067  7  
2   044  -4.65   6.89    067  8  
2   021  -1.50   2.22    067  9  
2   063  2.50    2.22    067  10 
3   067  6.00    5.82    067  11 
0   001  10.00   -999.00 067  12 
0   001  -5.00   -999.00 067  13 
0   001  10.00   -999.00 067  14 
1   006  19.00   0.00    067  15 
3   059  5.00    4.68    067  16 
2   052  -15.00  2.97    067  17 
1   058  -8.00   0.00    067  18 
1   037  -8.00   0.00    066  1  
0   001  -10.00  -999.00 066  2  
3   064  6.70    1.22    066  3  
0   001  0.00    -999.00 066  4  
0   001  -10.00  -999.00 066  5  
3   062  -23.00  3.72    066  6  
0   001  -5.00   -999.00 066  7  
2   044  -4.65   6.89    066  8  
2   021  -1.50   2.22    066  9  
2   063  2.50    2.22    066  10 
3   049  6.00    3.16    066  11 
0   001  10.00   -999.00 066  12 
0   001  -5.00   -999.00 066  13 
0   001  10.00   -999.00 066  14 
1   006  19.00   0.00    066  15 
3   059  5.00    4.68    066  16 
2   052  -15.00  2.97    066  17 
1   058  -8.00   0.00    066  18 
1   037  -8.00   0.00    065  1  
0   001  -10.00  -999.00 065  2  
3   064  6.70    1.22    065  3  
0   001  0.00    -999.00 065  4  
0   001  -10.00  -999.00 065  5  
3   062  -23.00  3.72    065  6  
0   001  -5.00   -999.00 065  7  
2   044  -4.65   6.89    065  8  
2   021  -1.50   2.22    065  9  
2   063  2.50    2.22    065  10 
3   049  6.00    3.16    065  11 
0   001  10.00   -999.00 065  12 
0   001  -5.00   -999.00 065  13 
0   001  10.00   -999.00 065  14 
1   006  19.00   0.00    065  15 
3   059  5.00    4.68    065  16 
2   052  -15.00  2.97    065  17 
1   058  -8.00   0.00    065  18 
1   037  -8.00   0.00    064  1  
0   001  -10.00  -999.00 064  2  
3   064  6.70    1.22    064  3  
0   001  0.00    -999.00 064  4  
0   001  -10.00  -999.00 064  5  
3   062  -23.00  3.72    064  6  
0   001  -5.00   -999.00 064  7  
2   044  -4.65   6.89    064  8  
2   021  -1.50   2.22    064  9  
2   063  2.50    2.22    064  10 
3   049  6.00    3.16    064  11 
0   001  10.00   -999.00 064  12 
0   001  -5.00   -999.00 064  13 
0   001  10.00   -999.00 064  14 
1   006  19.00   0.00    064  15 
3   059  5.00    4.68    064  16 
2   052  -15.00  2.97    064  17 
1   058  -8.00   0.00    064  18 
1   037  -8.00   0.00    063  1  
0   001  -10.00  -999.00 063  2  
3   063  5.00    5.17    063  3  
0   001  0.00    -999.00 063  4  
0   001  -10.00  -999.00 063  5  
3   062  -23.00  3.72    063  6  
0   001  -5.00   -999.00 063  7  
2   044  -4.65   6.89    063  8  
2   021  -1.50   2.22    063  9  
2   063  2.50    2.22    063  10 
3   049  6.00    3.16    063  11 
0   001  10.00   -999.00 063  12 
0   001  -5.00   -999.00 063  13 
0   001  10.00   -999.00 063  14 
1   006  19.00   0.00    063  15 
3   059  5.00    4.68    063  16 
2   052  -15.00  2.97    063  17 
1   058  -8.00   0.00    063  18 
1   037  -8.00   0.00    062  1  
0   001  -10.00  -999.00 062  2  
3   040  4.00    4.84    062  3  
0   001  0.00    -999.00 062  4  
0   001  -10.00  -999.00 062  5  
3   062  -23.00  3.72    062  6  
0   001  -5.00   -999.00 062  7  
2   044  -4.65   6.89    062  8  
2   021  -1.50   2.22    062  9  
1   044  1.00    0.00    062  10 
3   049  6.00    3.16    062  11 
0   001  10.00   -999.00 062  12 
0   001  -5.00   -999.00 062  13 
0   001  10.00   -999.00 062  14 
1   006  19.00   0.00    062  15 
3   059  5.00    4.68    062  16 
2   052  -15.00  2.97    062  17 
1   058  -8.00   0.00    062  18 
