15  263  3.00    4.35    266 
17  263  3.00    4.83    265 
18  263  2.50    4.84    264 
18  263  2.50    4.68    263 
18  262  3.00    4.65    262 
17  261  2.00    4.07    261 
17  259  2.00    3.84    260 
17  259  2.00    3.92    259 
16  258  2.50    3.93    258 
16  257  2.50    3.86    257 
14  256  2.50    4.10    256 
13  255  2.00    4.18    255 
14  254  2.00    4.23    254 
15  252  2.00    3.89    253 
15  252  2.00    3.89    252 
15  251  2.00    4.12    251 
16  250  2.00    4.12    250 
16  249  1.60    4.31    249 
17  246  1.20    4.70    248 
19  246  2.00    4.53    247 
20  246  1.60    4.37    246 
19  244  2.00    4.56    245 
19  244  2.00    4.61    244 
17  243  2.00    4.91    243 
16  242  1.50    4.77    242 
17  241  0.70    4.33    241 
15  240  0.00    4.84    240 
16  238  0.35    4.88    239 
16  238  0.35    4.57    238 
16  237  1.35    4.82    237 
14  236  0.35    4.49    236 
12  235  1.35    5.05    235 
12  234  1.35    5.10    234 
11  233  0.70    4.79    233 
11  231  1.00    4.82    232 
12  231  0.75    4.44    231 
12  230  1.25    4.77    230 
12  228  0.75    4.31    229 
12  228  0.75    4.31    228 
12  226  1.50    3.84    227 
14  226  2.00    3.81    226 
12  225  2.00    3.51    225 
12  224  2.00    3.41    224 
12  223  2.00    3.87    223 
14  222  1.25    3.77    222 
14  221  0.75    3.65    221 
13  220  2.00    3.45    220 
13  219  2.00    4.17    219 
15  218  1.21    4.49    218 
14  216  1.60    4.67    217 
15  216  1.21    5.02    216 
15  214  1.21    5.60    215 
18  214  0.60    5.01    214 
18  213  0.00    4.62    213 
17  212  0.00    4.68    212 
17  210  0.00    4.58    211 
18  210  0.50    4.69    210 
18  209  1.10    4.57    209 
16  207  1.60    5.81    208 
18  207  1.10    5.43    207 
18  206  0.60    5.32    206 
16  205  1.10    5.07    205 
15  204  0.00    4.67    204 
15  203  0.00    4.77    203 
14  202  0.65    3.96    202 
16  201  1.00    4.26    201 
16  200  0.50    5.09    200 
17  199  0.00    4.62    199 
15  198  0.00    5.09    198 
15  197  -1.00   4.65    197 
14  196  -1.00   5.15    196 
14  195  -0.50   5.49    195 
16  194  -1.00   4.95    194 
15  192  -1.00   5.61    193 
15  192  -1.00   5.24    192 
18  191  -1.00   4.70    191 
16  189  -1.00   4.56    190 
17  189  -1.00   5.00    189 
18  188  -1.00   5.00    188 
17  187  -1.00   5.12    187 
16  186  -0.50   5.03    186 
15  184  -1.00   5.58    185 
15  184  -1.00   5.15    184 
15  183  -2.40   4.86    183 
16  181  -3.20   4.77    182 
17  181  -2.40   5.01    181 
15  180  -2.40   5.19    180 
15  179  -1.00   5.26    179 
15  178  -1.00   5.59    178 
13  177  -3.00   5.13    177 
14  176  -2.50   4.88    176 
13  175  -3.00   3.84    175 
13  174  -3.00   4.21    174 
13  173  -2.00   3.46    173 
12  172  -1.09   3.76    172 
13  171  -2.00   3.82    171 
13  170  -2.00   3.88    170 
12  169  -2.00   3.95    169 
11  168  -2.00   3.88    168 
11  167  -2.00   3.44    167 
11  166  -2.00   4.08    166 
10  165  -2.00   4.07    165 
10  164  -1.40   4.63    164 
9   163  -2.00   3.95    163 
8   162  -1.40   4.11    162 
8   160  -1.40   4.30    161 
8   160  -1.40   4.30    160 
8   159  -1.50   3.37    159 
9   158  -2.00   3.18    158 
8   157  -1.50   3.09    157 
7   156  -0.80   3.08    156 
7   154  -0.60   3.23    155 
7   154  -0.60   3.59    154 
7   153  -0.30   3.26    153 
9   151  -1.00   2.78    152 
9   151  -1.00   2.78    151 
9   150  -2.00   2.99    150 
11  147  -2.00   2.83    149 
12  147  -2.06   2.69    148 
13  147  -2.12   2.78    147 
14  146  -2.06   3.42    146 
13  145  -2.12   3.86    145 
12  144  -2.06   4.08    144 
13  143  -0.30   4.60    143 
13  142  -2.00   4.91    142 
13  141  -2.00   4.45    141 
13  140  -2.00   4.89    140 
15  139  -1.00   4.51    139 
14  138  -1.00   4.25    138 
14  137  -1.00   4.15    137 
14  136  -1.00   4.14    136 
12  135  -1.00   4.11    135 
12  134  -1.00   4.99    134 
11  133  -1.00   4.36    133 
10  132  -1.00   4.07    132 
12  130  -1.00   3.66    131 
13  130  -1.00   4.59    130 
15  129  -2.00   5.04    129 
15  126  -2.00   4.92    128 
15  126  -2.00   4.92    127 
16  126  -2.50   5.53    126 
14  125  -3.00   5.80    125 
14  123  -2.00   5.63    124 
16  123  -2.50   5.51    123 
16  122  -2.00   5.41    122 
19  121  -2.00   4.86    121 
17  120  -2.00   4.97    120 
17  118  -2.00   4.90    119 
17  118  -2.00   4.80    118 
16  117  -2.70   5.08    117 
15  116  -2.40   5.02    116 
12  115  -2.00   4.93    115 
11  114  -2.00   5.30    114 
11  113  -1.00   5.91    113 
10  112  -1.50   3.78    112 
10  111  -1.50   4.08    111 
9   110  -1.00   4.51    110 
7   109  -1.00   3.80    109 
7   108  -1.00   3.42    108 
5   107  0.90    5.29    107 
5   105  -1.00   4.82    106 
5   105  -1.00   4.82    105 
5   104  0.90    5.29    104 
5   102  0.90    3.51    103 
5   102  0.90    3.51    102 
5   101  -3.00   4.19    101 
5   099  0.90    3.94    100 
5   099  1.00    4.86    099 
5   098  0.00    3.70    098 
6   096  -1.50   4.92    097 
7   096  -1.00   4.70    096 
7   095  -3.00   4.32    095 
10  094  -1.82   3.42    094 
13  093  -1.65   3.44    093 
14  090  -1.82   3.44    092 
15  090  -1.65   3.40    091 
15  090  -1.65   3.40    090 
16  088  -1.82   4.05    089 
16  088  -1.82   4.05    088 
16  087  -1.82   4.21    087 
19  086  -1.00   3.86    086 
19  084  -1.00   3.77    085 
19  084  -1.00   3.77    084 
19  083  -1.00   3.52    083 
18  081  -1.00   3.39    082 
18  081  -1.00   3.39    081 
16  080  -0.90   3.80    080 
13  079  -1.00   4.09    079 
12  078  -1.00   4.11    078 
11  076  -1.00   4.21    077 
11  076  -1.00   4.31    076 
10  075  -1.00   3.06    075 
10  074  -1.00   2.88    074 
10  073  -1.00   3.22    073 
7   072  -1.00   4.75    072 
6   070  -1.75   5.19    071 
6   070  -1.75   5.19    070 
6   069  0.00    5.88    069 
10  067  -1.50   5.31    068 
12  067  -1.00   4.72    067 
13  066  -1.00   3.64    066 
12  065  -1.00   3.82    065 
14  063  -1.00   4.05    064 
14  063  -1.00   4.05    063 
14  062  -1.00   3.87    062 
14  060  -1.50   5.28    061 
